0 FILE bl_3171.dat
0 CLAW, W/ 3.2 HOLDER, NO. 1
0 Name:  bl_3171.dat
0 Author:  
0 BFC CERTIFY CCW
3 16 6.569 -21.638 1.879 7.914 -21.096 3.460 -0.358 -10.295 1.870 0.383471 0.357328 0.348536 0.353527 0.433266 0.144790
3 16 7.914 -21.096 3.460 -0.074 -7.317 3.406 -0.358 -10.295 1.870 0.348536 0.353527 0.404652 0.097643 0.433266 0.144790
3 16 7.914 -21.096 3.460 9.765 -20.350 3.995 -0.074 -7.317 3.406 0.348536 0.353527 0.314838 0.349661 0.404652 0.097643
3 16 9.765 -20.350 3.995 1.847 -6.488 3.995 -0.074 -7.317 3.406 0.314838 0.349661 0.369232 0.094088 0.404652 0.097643
3 16 9.765 -20.350 3.995 11.617 -19.604 3.460 1.847 -6.488 3.995 0.314838 0.349661 0.281177 0.345837 0.369232 0.094088
3 16 11.617 -19.604 3.460 3.618 -5.669 3.492 1.847 -6.488 3.995 0.281177 0.345837 0.336464 0.089973 0.369232 0.094088
3 16 11.617 -19.604 3.460 12.972 -19.058 1.998 3.618 -5.669 3.492 0.281177 0.345837 0.247548 0.342196 0.336464 0.089973
3 16 12.972 -19.058 1.998 4.996 -5.074 2.051 3.618 -5.669 3.492 0.247548 0.342196 0.302600 0.085629 0.336464 0.089973
3 16 12.972 -19.058 1.998 13.468 -18.858 0.000 4.996 -5.074 2.051 0.247548 0.342196 0.214000 0.338912 0.302600 0.085629
3 16 13.468 -18.858 0.000 5.757 -5.261 0.000 4.996 -5.074 2.051 0.214000 0.338912 0.266617 0.086951 0.302600 0.085629
3 16 8.006 -30.741 2.028 9.603 -30.715 3.460 6.569 -21.638 1.879 0.390595 0.510765 0.355722 0.515631 0.383471 0.357328
3 16 9.603 -30.715 3.460 7.914 -21.096 3.460 6.569 -21.638 1.879 0.355722 0.515631 0.348536 0.353527 0.383471 0.357328
3 16 9.603 -30.715 3.460 11.597 -30.644 3.995 7.914 -21.096 3.460 0.355722 0.515631 0.322210 0.519923 0.348536 0.353527
3 16 11.597 -30.644 3.995 9.765 -20.350 3.995 7.914 -21.096 3.460 0.322210 0.519923 0.314838 0.349661 0.348536 0.353527
3 16 11.597 -30.644 3.995 13.591 -30.574 3.460 9.765 -20.350 3.995 0.322210 0.519923 0.288862 0.524773 0.314838 0.349661
3 16 13.591 -30.574 3.460 11.617 -19.604 3.460 9.765 -20.350 3.995 0.288862 0.524773 0.281177 0.345837 0.314838 0.349661
3 16 13.591 -30.574 3.460 15.051 -30.523 1.998 11.617 -19.604 3.460 0.288862 0.524773 0.255618 0.530381 0.281177 0.345837
3 16 15.051 -30.523 1.998 12.972 -19.058 1.998 11.617 -19.604 3.460 0.255618 0.530381 0.247548 0.342196 0.281177 0.345837
3 16 15.051 -30.523 1.998 15.586 -30.504 0.000 12.972 -19.058 1.998 0.255618 0.530381 0.222606 0.536963 0.247548 0.342196
3 16 15.586 -30.504 0.000 13.468 -18.858 0.000 12.972 -19.058 1.998 0.222606 0.536963 0.214000 0.338912 0.247548 0.342196
3 16 -9.162 -14.887 3.996 -6.307 -9.038 3.996 -9.353 -11.150 3.996 0.850004 0.885193 0.744550 0.899113 0.793066 0.862866
3 16 -6.307 -9.038 3.996 -7.888 -9.686 3.996 -9.353 -11.150 3.996 0.744550 0.899113 0.762788 0.877969 0.793066 0.862866
3 16 -11.401 -14.429 3.996 -9.162 -14.887 3.996 -11.338 -11.543 3.996 0.854505 0.848116 0.850004 0.885193 0.809449 0.834129
3 16 -9.162 -14.887 3.996 -9.353 -11.150 3.996 -11.338 -11.543 3.996 0.850004 0.885193 0.793066 0.862866 0.809449 0.834129
3 16 -8.621 -2.125 3.996 -10.785 -1.905 3.996 -9.353 -4.222 3.996 0.649403 0.827441 0.657220 0.792760 0.685693 0.826962
3 16 -10.785 -1.905 3.996 -11.108 -3.727 3.996 -9.353 -4.222 3.996 0.657220 0.792760 0.687122 0.797197 0.685693 0.826962
3 16 -7.273 -2.499 3.996 -8.621 -2.125 3.996 -7.888 -5.686 3.996 0.648224 0.850263 0.649403 0.827441 0.700796 0.857240
3 16 -8.621 -2.125 3.996 -9.353 -4.222 3.996 -7.888 -5.686 3.996 0.649403 0.827441 0.685693 0.826962 0.700796 0.857240
3 16 -6.307 -9.038 3.996 -7.273 -2.499 3.996 -7.353 -7.686 3.996 0.744550 0.899113 0.648224 0.850263 0.729015 0.875910
3 16 -7.273 -2.499 3.996 -7.888 -5.686 3.996 -7.353 -7.686 3.996 0.648224 0.850263 0.700796 0.857240 0.729015 0.875910
3 16 -6.307 -9.038 3.996 -7.353 -7.686 3.996 -7.888 -9.686 3.996 0.744550 0.899113 0.729015 0.875910 0.762788 0.877969
3 16 -10.785 -1.905 3.996 -12.821 -1.905 3.996 -11.108 -3.727 3.996 0.657220 0.792760 0.667770 0.761209 0.687122 0.797197
3 16 -12.821 -1.905 3.996 -13.037 -4.047 3.996 -11.108 -3.727 3.996 0.667770 0.761209 0.702081 0.768959 0.687122 0.797197
3 16 -13.159 -13.933 3.996 -11.401 -14.429 3.996 -12.991 -11.273 3.996 0.855922 0.818297 0.854505 0.848116 0.813839 0.807116
3 16 -11.401 -14.429 3.996 -11.338 -11.543 3.996 -12.991 -11.273 3.996 0.854505 0.848116 0.809449 0.834129 0.813839 0.807116
3 16 -14.685 -1.656 3.996 -15.407 -3.456 3.996 -14.735 -3.932 3.996 0.673567 0.731032 0.705202 0.729158 0.709096 0.742043
3 16 -14.685 -1.656 3.996 -14.735 -3.932 3.996 -12.821 -1.905 3.996 0.673567 0.731032 0.709096 0.742043 0.667770 0.761209
3 16 -14.735 -3.932 3.996 -13.037 -4.047 3.996 -12.821 -1.905 3.996 0.709096 0.742043 0.702081 0.768959 0.667770 0.761209
3 16 -14.685 -1.656 3.996 -15.575 -1.317 3.996 -15.575 -2.735 3.996 0.673567 0.731032 0.672919 0.715465 0.694905 0.722817
3 16 -15.575 -2.735 3.996 -15.407 -3.456 3.996 -14.685 -1.656 3.996 0.694905 0.722817 0.705202 0.729158 0.673567 0.731032
3 16 -15.325 -0.386 3.996 -15.575 -1.317 3.996 -14.685 -1.656 3.996 0.657194 0.714521 0.672919 0.715465 0.673567 0.731032
3 16 -10.785 -1.905 3.996 -10.785 0.000 3.996 -12.821 -1.905 3.996 0.657220 0.792760 0.627690 0.782886 0.667770 0.761209
3 16 -10.785 0.000 3.996 -12.821 0.000 3.996 -12.821 -1.905 3.996 0.627690 0.782886 0.638240 0.751335 0.667770 0.761209
3 16 -14.481 0.000 3.996 -15.325 -0.386 3.996 -14.685 -1.656 3.996 0.646842 0.725609 0.657194 0.714521 0.673567 0.731032
3 16 -14.685 -1.656 3.996 -12.821 -1.905 3.996 -14.481 0.000 3.996 0.673567 0.731032 0.667770 0.761209 0.646842 0.725609
3 16 -12.821 -1.905 3.996 -12.821 0.000 3.996 -14.481 0.000 3.996 0.667770 0.761209 0.638240 0.751335 0.646842 0.725609
3 16 -8.621 -2.125 3.996 -8.649 0.000 3.996 -10.785 -1.905 3.996 0.649403 0.827441 0.616620 0.815991 0.657220 0.792760
3 16 -8.649 0.000 3.996 -10.785 0.000 3.996 -10.785 -1.905 3.996 0.616620 0.815991 0.627690 0.782886 0.657220 0.792760
3 16 -7.273 -2.499 3.996 -6.670 0.000 3.996 -8.621 -2.125 3.996 0.648224 0.850263 0.606363 0.846665 0.649403 0.827441
3 16 -6.670 0.000 3.996 -8.649 0.000 3.996 -8.621 -2.125 3.996 0.606363 0.846665 0.616620 0.815991 0.649403 0.827441
3 16 -13.159 -13.933 3.996 -12.991 -11.273 3.996 -14.599 -11.359 3.996 0.855922 0.818297 0.813839 0.807116 0.823489 0.782645
3 16 -13.159 -13.933 3.996 -15.586 -12.623 3.996 -15.586 -13.969 3.996 0.855922 0.818297 0.848200 0.773900 0.869059 0.780875
3 16 -15.270 -11.786 3.996 -13.159 -13.933 3.996 -14.599 -11.359 3.996 0.833593 0.774457 0.855922 0.818297 0.823489 0.782645
3 16 -15.270 -11.786 3.996 -15.586 -12.623 3.996 -13.159 -13.933 3.996 0.833593 0.774457 0.848200 0.773900 0.855922 0.818297
3 16 -13.159 -13.933 3.996 -15.586 -13.969 3.996 -15.338 -14.255 3.996 0.855922 0.818297 0.869059 0.780875 0.872201 0.786197
3 16 -15.338 -14.255 3.996 -14.873 -14.681 3.996 -13.159 -13.933 3.996 0.872201 0.786197 0.876396 0.795609 0.855922 0.818297
3 16 -6.551 -17.923 3.996 -9.162 -14.887 3.996 -7.061 -18.861 3.996 0.883525 0.941386 0.850004 0.885193 0.900690 0.938346
3 16 -9.162 -14.887 3.996 -9.678 -17.453 3.996 -7.061 -18.861 3.996 0.850004 0.885193 0.892444 0.890486 0.900690 0.938346
3 16 -14.873 -14.681 3.996 -13.865 -15.219 3.996 -13.159 -13.933 3.996 0.876396 0.795609 0.879510 0.814019 0.855922 0.818297
3 16 -13.159 -13.933 3.996 -13.865 -15.219 3.996 -11.401 -14.429 3.996 0.855922 0.818297 0.879510 0.814019 0.854505 0.848116
3 16 -13.865 -15.219 3.996 -12.495 -15.950 3.996 -11.401 -14.429 3.996 0.879510 0.814019 0.883742 0.839043 0.854505 0.848116
3 16 -11.401 -14.429 3.996 -12.495 -15.950 3.996 -9.162 -14.887 3.996 0.854505 0.848116 0.883742 0.839043 0.850004 0.885193
3 16 -12.495 -15.950 3.996 -9.678 -17.453 3.996 -9.162 -14.887 3.996 0.883742 0.839043 0.892444 0.890486 0.850004 0.885193
3 16 -2.816 -8.040 3.996 -6.307 -9.038 3.996 -6.551 -17.923 3.996 0.710992 0.948061 0.744550 0.899113 0.883525 0.941386
3 16 -6.307 -9.038 3.996 -9.162 -14.887 3.996 -6.551 -17.923 3.996 0.744550 0.899113 0.850004 0.885193 0.883525 0.941386
3 16 -0.649 -5.505 3.708 -1.140 -3.022 3.996 -1.083 -5.560 3.996 0.911677 0.262787 0.902413 0.298654 0.903572 0.260058
3 16 -5.644 -0.152 3.996 -6.670 0.000 3.996 -7.273 -2.499 3.996 0.603394 0.863352 0.606363 0.846665 0.648224 0.850263
3 16 -1.140 -3.022 3.996 1.298 -3.897 3.868 -0.806 -2.028 3.991 0.395968 0.046340 0.364711 0.050791 0.387793 0.012233
3 16 1.298 -3.897 3.868 1.627 -2.963 3.806 -0.806 -2.028 3.991 0.364711 0.050791 0.355036 0.037673 0.387793 0.012233
3 16 3.109 -3.650 3.191 1.627 -2.963 3.806 3.182 -4.508 3.432 0.333200 0.055590 0.355036 0.037673 0.337377 0.069589
3 16 1.627 -2.963 3.806 1.298 -3.897 3.868 3.182 -4.508 3.432 0.355036 0.037673 0.364711 0.050791 0.337377 0.069589
3 16 3.182 -4.508 3.432 4.996 -5.074 2.051 3.109 -3.650 3.191 0.337377 0.069589 0.302600 0.085629 0.333200 0.055590
3 16 4.996 -5.074 2.051 4.452 -4.152 1.903 3.109 -3.650 3.191 0.302600 0.085629 0.304283 0.068086 0.333200 0.055590
3 16 4.996 -5.074 2.051 5.757 -5.261 0.000 4.452 -4.152 1.903 0.302600 0.085629 0.266617 0.086951 0.304283 0.068086
3 16 5.757 -5.261 0.000 5.177 -4.336 0.000 4.452 -4.152 1.903 0.266617 0.086951 0.270640 0.069475 0.304283 0.068086
3 16 1.576 -5.208 3.932 3.252 -5.146 3.514 1.298 -3.897 3.868 0.366965 0.072738 0.339514 0.079962 0.364711 0.050791
3 16 3.252 -5.146 3.514 3.182 -4.508 3.432 1.298 -3.897 3.868 0.339514 0.079962 0.337377 0.069589 0.364711 0.050791
3 16 3.252 -5.146 3.514 3.618 -5.669 3.492 3.182 -4.508 3.432 0.339514 0.079962 0.336464 0.089973 0.337377 0.069589
3 16 3.618 -5.669 3.492 4.996 -5.074 2.051 3.182 -4.508 3.432 0.336464 0.089973 0.302600 0.085629 0.337377 0.069589
3 16 -1.140 -3.022 3.996 -0.144 -5.405 3.792 1.298 -3.897 3.868 0.395968 0.046340 0.394794 0.067112 0.364711 0.050791
3 16 -0.144 -5.405 3.792 1.576 -5.208 3.932 1.298 -3.897 3.868 0.394794 0.067112 0.366965 0.072738 0.364711 0.050791
3 16 6.384 -38.944 1.881 7.747 -39.329 3.018 6.708 -37.377 1.875 0.429528 0.650588 0.399652 0.654170 0.422524 0.621172
3 16 7.747 -39.329 3.018 8.134 -37.645 3.079 6.708 -37.377 1.875 0.399652 0.654170 0.392347 0.627118 0.422524 0.621172
3 16 7.747 -39.329 3.018 9.433 -39.723 3.484 8.134 -37.645 3.079 0.399652 0.654170 0.371545 0.660287 0.392347 0.627118
3 16 9.433 -39.723 3.484 9.867 -37.976 3.547 8.134 -37.645 3.079 0.371545 0.660287 0.362862 0.634321 0.392347 0.627118
3 16 9.433 -39.723 3.484 11.119 -40.118 3.018 9.867 -37.976 3.547 0.371545 0.660287 0.344748 0.670559 0.362862 0.634321
3 16 11.119 -40.118 3.018 11.606 -38.311 3.090 9.867 -37.976 3.547 0.344748 0.670559 0.333986 0.644038 0.362862 0.634321
3 16 11.119 -40.118 3.018 12.353 -40.407 1.742 11.606 -38.311 3.090 0.344748 0.670559 0.319325 0.684438 0.333986 0.644038
3 16 12.353 -40.407 1.742 12.872 -38.552 1.780 11.606 -38.311 3.090 0.319325 0.684438 0.305863 0.655925 0.333986 0.644038
3 16 12.353 -40.407 1.742 12.805 -40.512 0.000 12.872 -38.552 1.780 0.319325 0.684438 0.294666 0.700137 0.305863 0.655925
3 16 12.805 -40.512 0.000 13.349 -38.645 0.000 12.872 -38.552 1.780 0.294666 0.700137 0.278345 0.668773 0.305863 0.655925
3 16 -5.446 -18.485 3.996 -1.804 -9.409 3.996 -6.551 -17.923 3.996 0.886498 0.961424 0.726964 0.970836 0.883525 0.941386
3 16 -1.804 -9.409 3.996 -2.816 -8.040 3.996 -6.551 -17.923 3.996 0.726964 0.970836 0.710992 0.948061 0.883525 0.941386
3 16 -5.356 -18.950 1.886 -1.593 -9.385 1.965 -5.446 -18.485 3.996 0.939263 0.029042 0.941988 0.196990 0.904702 0.036393
3 16 -1.593 -9.385 1.965 -1.804 -9.409 3.996 -5.446 -18.485 3.996 0.941988 0.196990 0.908621 0.196168 0.904702 0.036393
3 16 -1.593 -9.385 1.965 -5.356 -18.950 1.886 -0.358 -10.295 1.870 0.772988 0.348559 0.912275 0.442496 0.764957 0.372359
3 16 -5.356 -18.950 1.886 -3.955 -19.982 1.865 -0.358 -10.295 1.870 0.912275 0.442496 0.903176 0.469555 0.764957 0.372359
3 16 -7.061 -18.861 3.996 -5.877 -19.483 3.996 -6.551 -17.923 3.996 0.900690 0.938346 0.904204 0.959912 0.883525 0.941386
3 16 -5.877 -19.483 3.996 -5.446 -18.485 3.996 -6.551 -17.923 3.996 0.904204 0.959912 0.886498 0.961424 0.883525 0.941386
3 16 -5.877 -19.483 3.996 -5.640 -19.999 1.036 -5.446 -18.485 3.996 0.904209 0.018630 0.952886 0.011062 0.904702 0.036393
3 16 -5.640 -19.999 1.036 -5.356 -18.950 1.886 -5.446 -18.485 3.996 0.952886 0.011062 0.939263 0.029042 0.904702 0.036393
3 16 -5.640 -19.999 1.036 -4.434 -20.852 1.036 -5.356 -18.950 1.886 0.930410 0.455224 0.922379 0.477920 0.912275 0.442496
3 16 -4.434 -20.852 1.036 -3.955 -19.982 1.865 -5.356 -18.950 1.886 0.922379 0.477920 0.903176 0.469555 0.912275 0.442496
3 16 -5.640 -19.999 0.000 -4.478 -20.830 0.000 -5.640 -19.999 1.036 0.946367 0.460641 0.938670 0.482641 0.930410 0.455224
3 16 -4.478 -20.830 0.000 -4.434 -20.852 1.036 -5.640 -19.999 1.036 0.938670 0.482641 0.922379 0.477920 0.930410 0.455224
3 16 6.708 -37.377 1.875 8.006 -30.741 2.028 4.051 -37.650 1.865 0.903951 0.809045 0.831657 0.725480 0.942773 0.790286
3 16 8.006 -30.741 2.028 2.613 -30.764 1.827 4.051 -37.650 1.865 0.831657 0.725480 0.908187 0.680900 0.942773 0.790286
3 16 1.706 -30.816 1.036 3.297 -38.054 1.036 2.613 -30.764 1.827 0.926194 0.672867 0.961758 0.788723 0.908187 0.680900
3 16 3.297 -38.054 1.036 4.051 -37.650 1.865 2.613 -30.764 1.827 0.961758 0.788723 0.942773 0.790286 0.908187 0.680900
3 16 1.706 -30.850 0.000 3.297 -38.078 0.000 1.706 -30.816 1.036 0.942700 0.668744 0.978264 0.785620 0.926194 0.672867
3 16 3.297 -38.078 0.000 3.297 -38.054 1.036 1.706 -30.816 1.036 0.978264 0.785620 0.961758 0.788723 0.926194 0.672867
3 16 3.901 -39.206 0.000 3.901 -39.032 1.036 3.297 -38.078 0.000 0.976870 0.810505 0.961587 0.806200 0.978264 0.785620
3 16 3.901 -39.032 1.036 3.297 -38.054 1.036 3.297 -38.078 0.000 0.961587 0.806200 0.961758 0.788723 0.978264 0.785620
3 16 4.810 -39.416 0.000 4.885 -39.331 1.036 3.901 -39.206 0.000 0.969986 0.826406 0.953656 0.820476 0.976870 0.810505
3 16 4.885 -39.331 1.036 3.901 -39.032 1.036 3.901 -39.206 0.000 0.953656 0.820476 0.961587 0.806200 0.976870 0.810505
3 16 3.297 -38.054 1.036 3.901 -39.032 1.036 4.051 -37.650 1.865 0.961758 0.788723 0.961587 0.806200 0.942773 0.790286
3 16 3.901 -39.032 1.036 4.429 -38.300 1.783 4.051 -37.650 1.865 0.961587 0.806200 0.943634 0.801729 0.942773 0.790286
3 16 3.901 -39.032 1.036 4.885 -39.331 1.036 4.429 -38.300 1.783 0.961587 0.806200 0.953656 0.820476 0.943634 0.801729
3 16 4.885 -39.331 1.036 5.406 -38.622 1.832 4.429 -38.300 1.783 0.953656 0.820476 0.934305 0.814938 0.943634 0.801729
3 16 6.708 -37.377 1.875 4.051 -37.650 1.865 5.406 -38.622 1.832 0.903951 0.809045 0.942773 0.790286 0.934305 0.814938
3 16 4.051 -37.650 1.865 4.429 -38.300 1.783 5.406 -38.622 1.832 0.942773 0.790286 0.943634 0.801729 0.934305 0.814938
3 16 6.708 -37.377 1.875 8.134 -37.645 3.079 8.006 -30.741 2.028 0.422524 0.621172 0.392347 0.627118 0.390595 0.510765
3 16 8.134 -37.645 3.079 9.603 -30.715 3.460 8.006 -30.741 2.028 0.392347 0.627118 0.355722 0.515631 0.390595 0.510765
3 16 8.134 -37.645 3.079 9.867 -37.976 3.547 9.603 -30.715 3.460 0.392347 0.627118 0.362862 0.634321 0.355722 0.515631
3 16 9.867 -37.976 3.547 11.597 -30.644 3.995 9.603 -30.715 3.460 0.362862 0.634321 0.322210 0.519923 0.355722 0.515631
3 16 9.867 -37.976 3.547 11.606 -38.311 3.090 11.597 -30.644 3.995 0.362862 0.634321 0.333986 0.644038 0.322210 0.519923
3 16 11.606 -38.311 3.090 13.591 -30.574 3.460 11.597 -30.644 3.995 0.333986 0.644038 0.288862 0.524773 0.322210 0.519923
3 16 11.606 -38.311 3.090 12.872 -38.552 1.780 13.591 -30.574 3.460 0.333986 0.644038 0.305863 0.655925 0.288862 0.524773
3 16 12.872 -38.552 1.780 15.051 -30.523 1.998 13.591 -30.574 3.460 0.305863 0.655925 0.255618 0.530381 0.288862 0.524773
3 16 12.872 -38.552 1.780 13.349 -38.645 0.000 15.051 -30.523 1.998 0.305863 0.655925 0.278345 0.668773 0.255618 0.530381
3 16 13.349 -38.645 0.000 15.586 -30.504 0.000 15.051 -30.523 1.998 0.278345 0.668773 0.222606 0.536963 0.255618 0.530381
3 16 6.384 -38.944 1.881 5.869 -39.630 1.036 6.244 -40.110 1.777 0.429528 0.650588 0.444983 0.670352 0.429831 0.672092
3 16 5.720 -39.626 0.000 5.686 -40.246 0.000 5.869 -39.630 1.036 0.460647 0.679736 0.455999 0.689044 0.444983 0.670352
3 16 5.686 -40.246 0.000 6.244 -40.110 1.777 5.869 -39.630 1.036 0.455999 0.689044 0.429831 0.672092 0.444983 0.670352
3 16 -0.358 -10.295 1.870 -3.955 -19.982 1.865 6.569 -21.638 1.879 0.764957 0.372359 0.903176 0.469555 0.776354 0.587962
3 16 -3.955 -19.982 1.865 0.671 -23.957 1.865 6.569 -21.638 1.879 0.903176 0.469555 0.877896 0.567665 0.776354 0.587962
3 16 1.847 -6.488 3.995 3.618 -5.669 3.492 1.576 -5.208 3.932 0.369232 0.094088 0.336464 0.089973 0.366965 0.072738
3 16 3.618 -5.669 3.492 3.252 -5.146 3.514 1.576 -5.208 3.932 0.336464 0.089973 0.339514 0.079962 0.366965 0.072738
3 16 -0.074 -7.317 3.406 1.847 -6.488 3.995 -0.144 -5.405 3.792 0.404652 0.097643 0.369232 0.094088 0.394794 0.067112
3 16 1.847 -6.488 3.995 1.576 -5.208 3.932 -0.144 -5.405 3.792 0.369232 0.094088 0.366965 0.072738 0.394794 0.067112
3 16 -7.273 -2.499 3.996 -2.611 -4.064 3.996 -5.644 -0.152 3.996 0.648224 0.850263 0.648323 0.930621 0.603394 0.863352
3 16 -2.611 -4.064 3.996 -2.922 -1.209 3.996 -5.644 -0.152 3.996 0.648323 0.930621 0.605687 0.911009 0.603394 0.863352
3 16 -2.816 -8.040 3.996 -1.804 -9.409 3.996 -1.244 -7.244 3.996 0.710992 0.948061 0.726964 0.970836 0.690515 0.968299
3 16 -0.358 -10.295 1.870 -0.074 -7.317 3.406 -1.593 -9.385 1.965 0.433266 0.144790 0.404652 0.097643 0.445741 0.122998
3 16 -0.074 -7.317 3.406 -0.785 -7.486 3.156 -1.593 -9.385 1.965 0.404652 0.097643 0.417273 0.096362 0.445741 0.122998
3 16 -1.593 -9.385 1.965 -0.785 -7.486 3.156 -1.804 -9.409 3.996 0.941988 0.196990 0.923500 0.231254 0.908621 0.196168
3 16 -0.785 -7.486 3.156 -1.244 -7.244 3.996 -1.804 -9.409 3.996 0.923500 0.231254 0.907435 0.232686 0.908621 0.196168
3 16 -0.074 -7.317 3.406 -0.144 -5.405 3.792 -0.785 -7.486 3.156 0.404652 0.097643 0.394794 0.067112 0.417273 0.096362
3 16 -0.144 -5.405 3.792 -0.649 -5.505 3.708 -0.785 -7.486 3.156 0.394794 0.067112 0.403240 0.066114 0.417273 0.096362
3 16 -0.144 -5.405 3.792 -1.140 -3.022 3.996 -0.649 -5.505 3.708 0.394794 0.067112 0.395968 0.046340 0.403240 0.066114
3 16 -0.785 -7.486 3.156 -0.649 -5.505 3.708 -1.244 -7.244 3.996 0.923500 0.231254 0.911677 0.262787 0.907435 0.232686
3 16 -0.649 -5.505 3.708 -1.083 -5.560 3.996 -1.244 -7.244 3.996 0.911677 0.262787 0.903572 0.260058 0.907435 0.232686
3 16 -1.244 -7.244 3.996 -1.083 -5.560 3.996 -2.816 -8.040 3.996 0.690515 0.968299 0.663583 0.962070 0.710992 0.948061
3 16 -1.083 -5.560 3.996 -2.611 -4.064 3.996 -2.816 -8.040 3.996 0.663583 0.962070 0.648323 0.930621 0.710992 0.948061
3 16 -1.083 -5.560 3.996 -1.140 -3.022 3.996 -2.611 -4.064 3.996 0.663583 0.962070 0.625095 0.952640 0.648323 0.930621
3 16 -1.140 -3.022 3.996 -0.806 -2.028 3.991 -2.611 -4.064 3.996 0.625095 0.952640 0.608839 0.947071 0.648323 0.930621
3 16 -0.806 -2.028 3.991 -2.922 -1.209 3.996 -2.611 -4.064 3.996 0.608839 0.947071 0.605687 0.911009 0.648323 0.930621
3 16 -6.307 -9.038 3.996 -2.816 -8.040 3.996 -7.273 -2.499 3.996 0.744550 0.899113 0.710992 0.948061 0.648224 0.850263
3 16 -2.816 -8.040 3.996 -2.611 -4.064 3.996 -7.273 -2.499 3.996 0.710992 0.948061 0.648323 0.930621 0.648224 0.850263
3 16 -0.047 -24.499 1.036 0.671 -23.957 1.865 -4.434 -20.852 1.036 0.898147 0.568695 0.877896 0.567665 0.922379 0.477920
3 16 0.671 -23.957 1.865 -3.955 -19.982 1.865 -4.434 -20.852 1.036 0.877896 0.567665 0.903176 0.469555 0.922379 0.477920
3 16 -0.047 -24.536 0.000 -0.047 -24.499 1.036 -4.478 -20.830 0.000 0.915067 0.566507 0.898147 0.568695 0.938670 0.482641
3 16 -0.047 -24.499 1.036 -4.434 -20.852 1.036 -4.478 -20.830 0.000 0.898147 0.568695 0.922379 0.477920 0.938670 0.482641
3 16 -15.586 -12.623 3.996 -15.586 -12.623 -3.996 -15.586 -13.969 3.996 0.465931 0.764404 0.596633 0.764408 0.466005 0.786653
3 16 -15.586 -12.623 -3.996 -15.586 -13.969 -3.996 -15.586 -13.969 3.996 0.596633 0.764408 0.596557 0.786657 0.466005 0.786653
3 16 -15.586 -13.969 3.996 -15.586 -13.969 -3.996 -15.338 -14.255 3.996 0.466005 0.786653 0.596557 0.786657 0.466084 0.792968
3 16 -15.586 -13.969 -3.996 -15.338 -14.255 -3.996 -15.338 -14.255 3.996 0.596557 0.786657 0.596477 0.792972 0.466084 0.792968
3 16 -15.338 -14.255 3.996 -15.338 -14.255 -3.996 -14.873 -14.681 3.996 0.466084 0.792968 0.596477 0.792972 0.465967 0.803577
3 16 -15.338 -14.255 -3.996 -14.873 -14.681 -3.996 -14.873 -14.681 3.996 0.596477 0.792972 0.596594 0.803581 0.465967 0.803577
3 16 -14.873 -14.681 3.996 -14.873 -14.681 -3.996 -13.865 -15.219 3.996 0.465967 0.803577 0.596594 0.803581 0.465502 0.822686
3 16 -14.873 -14.681 -3.996 -13.865 -15.219 -3.996 -13.865 -15.219 3.996 0.596594 0.803581 0.597058 0.822690 0.465502 0.822686
3 16 -13.865 -15.219 3.996 -13.865 -15.219 -3.996 -12.495 -15.950 3.996 0.465502 0.822686 0.597058 0.822690 0.465392 0.848345
3 16 -13.865 -15.219 -3.996 -12.495 -15.950 -3.996 -12.495 -15.950 3.996 0.597058 0.822690 0.597167 0.848349 0.465392 0.848345
3 16 -12.495 -15.950 3.996 -12.495 -15.950 -3.996 -9.678 -17.453 3.996 0.465392 0.848345 0.597167 0.848349 0.465422 0.900653
3 16 -12.495 -15.950 -3.996 -9.678 -17.453 -3.996 -9.678 -17.453 3.996 0.597167 0.848349 0.597133 0.900656 0.465422 0.900653
3 16 -9.678 -17.453 3.996 -9.678 -17.453 -3.996 -7.061 -18.861 3.996 0.465422 0.900653 0.597133 0.900656 0.465540 0.949261
3 16 -9.678 -17.453 -3.996 -7.061 -18.861 -3.996 -7.061 -18.861 3.996 0.597133 0.900656 0.597013 0.949265 0.465540 0.949261
3 16 2.613 -30.764 1.827 8.006 -30.741 2.028 0.671 -23.957 1.865 0.908187 0.680900 0.831657 0.725480 0.877896 0.567665
3 16 8.006 -30.741 2.028 6.569 -21.638 1.879 0.671 -23.957 1.865 0.831657 0.725480 0.776354 0.587962 0.877896 0.567665
3 16 2.613 -30.764 1.827 0.671 -23.957 1.865 1.706 -30.816 1.036 0.908187 0.680900 0.877896 0.567665 0.926194 0.672867
3 16 0.671 -23.957 1.865 -0.047 -24.499 1.036 1.706 -30.816 1.036 0.877896 0.567665 0.898147 0.568695 0.926194 0.672867
3 16 1.706 -30.816 1.036 -0.047 -24.499 1.036 1.706 -30.850 0.000 0.926194 0.672867 0.898147 0.568695 0.942700 0.668744
3 16 -0.047 -24.499 1.036 -0.047 -24.536 0.000 1.706 -30.850 0.000 0.898147 0.568695 0.915067 0.566507 0.942700 0.668744
3 16 -0.074 -7.317 -3.406 7.914 -21.096 -3.460 -0.358 -10.295 -1.870 0.202727 0.652987 0.146586 0.397111 0.231337 0.605834
3 16 7.914 -21.096 -3.460 6.569 -21.638 -1.879 -0.358 -10.295 -1.870 0.146586 0.397111 0.181525 0.393316 0.231337 0.605834
3 16 1.847 -6.488 -3.995 9.765 -20.350 -3.995 -0.074 -7.317 -3.406 0.167304 0.656548 0.112887 0.400968 0.202727 0.652987
3 16 9.765 -20.350 -3.995 7.914 -21.096 -3.460 -0.074 -7.317 -3.406 0.112887 0.400968 0.146586 0.397111 0.202727 0.652987
3 16 3.618 -5.669 -3.492 11.617 -19.604 -3.460 1.847 -6.488 -3.995 0.134535 0.660668 0.079224 0.404782 0.167304 0.656548
3 16 11.617 -19.604 -3.460 9.765 -20.350 -3.995 1.847 -6.488 -3.995 0.079224 0.404782 0.112887 0.400968 0.167304 0.656548
3 16 4.996 -5.074 -2.051 12.972 -19.058 -1.998 3.618 -5.669 -3.492 0.100669 0.665017 0.045593 0.408415 0.134535 0.660668
3 16 12.972 -19.058 -1.998 11.617 -19.604 -3.460 3.618 -5.669 -3.492 0.045593 0.408415 0.079224 0.404782 0.134535 0.660668
3 16 5.757 -5.261 0.000 13.468 -18.858 0.000 4.996 -5.074 -2.051 0.064685 0.663699 0.012045 0.411693 0.100669 0.665017
3 16 13.468 -18.858 0.000 12.972 -19.058 -1.998 4.996 -5.074 -2.051 0.012045 0.411693 0.045593 0.408415 0.100669 0.665017
3 16 7.914 -21.096 -3.460 9.603 -30.715 -3.460 6.569 -21.638 -1.879 0.146586 0.397111 0.153879 0.235049 0.181525 0.393316
3 16 9.603 -30.715 -3.460 8.006 -30.741 -2.028 6.569 -21.638 -1.879 0.153879 0.235049 0.188742 0.239972 0.181525 0.393316
3 16 9.765 -20.350 -3.995 11.597 -30.644 -3.995 7.914 -21.096 -3.460 0.112887 0.400968 0.120375 0.230704 0.146586 0.397111
3 16 11.597 -30.644 -3.995 9.603 -30.715 -3.460 7.914 -21.096 -3.460 0.120375 0.230704 0.153879 0.235049 0.146586 0.397111
3 16 11.617 -19.604 -3.460 13.591 -30.574 -3.460 9.765 -20.350 -3.995 0.079224 0.404782 0.087035 0.225808 0.112887 0.400968
3 16 13.591 -30.574 -3.460 11.597 -30.644 -3.995 9.765 -20.350 -3.995 0.087035 0.225808 0.120375 0.230704 0.112887 0.400968
3 16 12.972 -19.058 -1.998 15.051 -30.523 -1.998 11.617 -19.604 -3.460 0.045593 0.408415 0.053798 0.220162 0.079224 0.404782
3 16 15.051 -30.523 -1.998 13.591 -30.574 -3.460 11.617 -19.604 -3.460 0.053798 0.220162 0.087035 0.225808 0.079224 0.404782
3 16 13.468 -18.858 0.000 15.586 -30.504 0.000 12.972 -19.058 -1.998 0.012045 0.411693 0.020791 0.213548 0.045593 0.408415
3 16 15.586 -30.504 0.000 15.051 -30.523 -1.998 12.972 -19.058 -1.998 0.020791 0.213548 0.053798 0.220162 0.045593 0.408415
3 16 -9.353 -11.150 -3.996 -9.353 -11.150 3.996 -7.888 -9.686 -3.996 0.596596 0.649830 0.465974 0.649826 0.596593 0.615994
3 16 -9.353 -11.150 3.996 -7.888 -9.686 3.996 -7.888 -9.686 -3.996 0.465974 0.649826 0.465979 0.615991 0.596593 0.615994
3 16 -11.338 -11.543 -3.996 -11.338 -11.543 3.996 -9.353 -11.150 -3.996 0.596605 0.682911 0.465963 0.682907 0.596596 0.649830
3 16 -11.338 -11.543 3.996 -9.353 -11.150 3.996 -9.353 -11.150 -3.996 0.465963 0.682907 0.465974 0.649826 0.596596 0.649830
3 16 -9.353 -4.222 -3.996 -9.353 -4.222 3.996 -11.108 -3.727 -3.996 0.596594 0.514488 0.465984 0.514484 0.596595 0.484688
3 16 -9.353 -4.222 3.996 -11.108 -3.727 3.996 -11.108 -3.727 -3.996 0.465984 0.514484 0.465985 0.484684 0.596595 0.484688
3 16 -7.888 -5.686 -3.996 -7.888 -5.686 3.996 -9.353 -4.222 -3.996 0.596593 0.548324 0.465983 0.548320 0.596594 0.514488
3 16 -7.888 -5.686 3.996 -9.353 -4.222 3.996 -9.353 -4.222 -3.996 0.465983 0.548320 0.465984 0.514484 0.596594 0.514488
3 16 -7.353 -7.686 -3.996 -7.353 -7.686 3.996 -7.888 -5.686 -3.996 0.596593 0.582159 0.465982 0.582155 0.596593 0.548324
3 16 -7.353 -7.686 3.996 -7.888 -5.686 3.996 -7.888 -5.686 -3.996 0.465982 0.582155 0.465983 0.548320 0.596593 0.548324
3 16 -7.888 -9.686 -3.996 -7.888 -9.686 3.996 -7.353 -7.686 -3.996 0.596593 0.615994 0.465979 0.615991 0.596593 0.582159
3 16 -7.888 -9.686 3.996 -7.353 -7.686 3.996 -7.353 -7.686 -3.996 0.465979 0.615991 0.465982 0.582155 0.596593 0.582159
3 16 -11.108 -3.727 -3.996 -11.108 -3.727 3.996 -13.037 -4.047 -3.996 0.596595 0.484688 0.465985 0.484684 0.596596 0.452732
3 16 -11.108 -3.727 3.996 -13.037 -4.047 3.996 -13.037 -4.047 -3.996 0.465985 0.484684 0.465986 0.452728 0.596596 0.452732
3 16 -13.037 -4.047 -3.996 -13.037 -4.047 3.996 -14.735 -3.932 -3.996 0.596596 0.452732 0.465986 0.452728 0.596597 0.424916
3 16 -13.037 -4.047 3.996 -14.735 -3.932 3.996 -14.735 -3.932 -3.996 0.465986 0.452728 0.465987 0.424912 0.596597 0.424916
3 16 -14.735 -3.932 -3.996 -14.735 -3.932 3.996 -15.407 -3.456 -3.996 0.596597 0.424916 0.465987 0.424912 0.596597 0.411456
3 16 -14.735 -3.932 3.996 -15.407 -3.456 3.996 -15.407 -3.456 -3.996 0.465987 0.424912 0.465987 0.411452 0.596597 0.411456
3 16 -15.407 -3.456 -3.996 -15.407 -3.456 3.996 -15.575 -2.735 -3.996 0.596597 0.411456 0.465987 0.411452 0.596597 0.399362
3 16 -15.407 -3.456 3.996 -15.575 -2.735 3.996 -15.575 -2.735 -3.996 0.465987 0.411452 0.465987 0.399358 0.596597 0.399362
3 16 -15.575 -2.735 -3.996 -15.575 -2.735 3.996 -15.575 -1.317 -3.996 0.596597 0.399362 0.465987 0.399358 0.596598 0.376180
3 16 -15.575 -2.735 3.996 -15.575 -1.317 3.996 -15.575 -1.317 -3.996 0.465987 0.399358 0.465988 0.376176 0.596598 0.376180
3 16 -15.575 -1.317 -3.996 -15.575 -1.317 3.996 -15.325 -0.386 -3.996 0.596598 0.376180 0.465988 0.376176 0.596599 0.360426
3 16 -15.575 -1.317 3.996 -15.325 -0.386 3.996 -15.325 -0.386 -3.996 0.465988 0.376176 0.465988 0.360423 0.596599 0.360426
3 16 -15.325 -0.386 -3.996 -15.325 -0.386 3.996 -14.481 0.000 -3.996 0.596599 0.360426 0.465988 0.360423 0.596599 0.345257
3 16 -15.325 -0.386 3.996 -14.481 0.000 3.996 -14.481 0.000 -3.996 0.465988 0.360423 0.465989 0.345253 0.596599 0.345257
3 16 -12.821 0.000 -3.996 -12.821 0.000 3.996 -10.785 0.000 -3.996 0.596600 0.318130 0.465990 0.318126 0.596601 0.284862
3 16 -12.821 0.000 3.996 -10.785 0.000 3.996 -10.785 0.000 -3.996 0.465990 0.318126 0.465991 0.284858 0.596601 0.284862
3 16 -6.670 0.000 -3.996 -6.670 0.000 3.996 -5.644 -0.152 -3.996 0.596603 0.217611 0.465993 0.217607 0.596603 0.200662
3 16 -6.670 0.000 3.996 -5.644 -0.152 3.996 -5.644 -0.152 -3.996 0.465993 0.217607 0.465993 0.200659 0.596603 0.200662
3 16 -12.991 -11.273 -3.996 -12.991 -11.273 3.996 -11.338 -11.543 -3.996 0.596624 0.710290 0.465943 0.710286 0.596605 0.682911
3 16 -12.991 -11.273 3.996 -11.338 -11.543 3.996 -11.338 -11.543 -3.996 0.465943 0.710286 0.465963 0.682907 0.596605 0.682911
3 16 -14.599 -11.359 -3.996 -14.599 -11.359 3.996 -12.991 -11.273 -3.996 0.596653 0.736637 0.465912 0.736633 0.596624 0.710290
3 16 -14.599 -11.359 3.996 -12.991 -11.273 3.996 -12.991 -11.273 -3.996 0.465912 0.736633 0.465943 0.710286 0.596624 0.710290
3 16 -15.270 -11.786 -3.996 -15.270 -11.786 3.996 -14.599 -11.359 -3.996 0.596671 0.749694 0.465894 0.749691 0.596653 0.736637
3 16 -15.270 -11.786 3.996 -14.599 -11.359 3.996 -14.599 -11.359 -3.996 0.465894 0.749691 0.465912 0.736633 0.596653 0.736637
3 16 -15.586 -12.623 -3.996 -15.586 -12.623 3.996 -15.270 -11.786 -3.996 0.596633 0.764408 0.465931 0.764404 0.596671 0.749694
3 16 -15.586 -12.623 3.996 -15.270 -11.786 3.996 -15.270 -11.786 -3.996 0.465931 0.764404 0.465894 0.749691 0.596671 0.749694
3 16 -7.888 -9.686 -3.996 -6.307 -9.038 -3.996 -9.353 -11.150 -3.996 0.312406 0.836987 0.296536 0.814012 0.340894 0.855244
3 16 -6.307 -9.038 -3.996 -8.936 -13.635 -3.996 -9.353 -11.150 -3.996 0.296536 0.814012 0.379114 0.839913 0.340894 0.855244
3 16 -9.353 -11.150 -3.996 -8.936 -13.635 -3.996 -11.338 -11.543 -3.996 0.340894 0.855244 0.379114 0.839913 0.354106 0.885570
3 16 -8.936 -13.635 -3.996 -11.370 -13.714 -3.996 -11.338 -11.543 -3.996 0.379114 0.839913 0.388869 0.878486 0.354106 0.885570
3 16 -11.108 -3.727 -3.996 -10.785 -1.905 -3.996 -9.353 -4.222 -3.996 0.228529 0.909196 0.198324 0.910406 0.230294 0.879448
3 16 -10.785 -1.905 -3.996 -8.621 -2.125 -3.996 -9.353 -4.222 -3.996 0.198324 0.910406 0.194264 0.875088 0.230294 0.879448
3 16 -9.353 -4.222 -3.996 -8.621 -2.125 -3.996 -7.888 -5.686 -3.996 0.230294 0.879448 0.194264 0.875088 0.248552 0.850961
3 16 -8.621 -2.125 -3.996 -4.942 -3.282 -3.996 -7.888 -5.686 -3.996 0.194264 0.875088 0.199885 0.812328 0.248552 0.850961
3 16 -7.888 -5.686 -3.996 -4.942 -3.282 -3.996 -7.353 -7.686 -3.996 0.248552 0.850961 0.199885 0.812328 0.278607 0.835419
3 16 -4.942 -3.282 -3.996 -6.307 -9.038 -3.996 -7.353 -7.686 -3.996 0.199885 0.812328 0.296536 0.814012 0.278607 0.835419
3 16 -7.353 -7.686 -3.996 -6.307 -9.038 -3.996 -7.888 -9.686 -3.996 0.278607 0.835419 0.296536 0.814012 0.312406 0.836987
3 16 -13.037 -4.047 -3.996 -12.821 -1.905 -3.996 -11.108 -3.727 -3.996 0.240379 0.938873 0.205436 0.942905 0.228529 0.909196
3 16 -12.821 -1.905 -3.996 -10.785 -1.905 -3.996 -11.108 -3.727 -3.996 0.205436 0.942905 0.198324 0.910406 0.228529 0.909196
3 16 -11.338 -11.543 -3.996 -11.370 -13.714 -3.996 -12.991 -11.273 -3.996 0.354106 0.885570 0.388869 0.878486 0.355579 0.912898
3 16 -11.370 -13.714 -3.996 -12.991 -13.096 -3.996 -12.991 -11.273 -3.996 0.388869 0.878486 0.384675 0.906530 0.355579 0.912898
3 16 -15.407 -3.456 -3.996 -14.137 -1.895 -3.996 -14.735 -3.932 -3.996 0.239222 0.978779 0.209862 0.963956 0.244473 0.966386
3 16 -13.037 -4.047 -3.996 -14.735 -3.932 -3.996 -12.821 -1.905 -3.996 0.240379 0.938873 0.244473 0.966386 0.205436 0.942905
3 16 -14.735 -3.932 -3.996 -14.137 -1.895 -3.996 -12.821 -1.905 -3.996 0.244473 0.966386 0.209862 0.963956 0.205436 0.942905
3 16 -15.575 -1.317 -3.996 -14.137 -1.895 -3.996 -15.575 -2.735 -3.996 0.205659 0.988938 0.209862 0.963956 0.228305 0.983982
3 16 -15.407 -3.456 -3.996 -15.575 -2.735 -3.996 -14.137 -1.895 -3.996 0.239222 0.978779 0.228305 0.983982 0.209862 0.963956
3 16 -15.575 -1.317 -3.996 -15.325 -0.386 -3.996 -14.137 -1.895 -3.996 0.205659 0.988938 0.189923 0.988194 0.209862 0.963956
3 16 -12.821 0.000 -3.996 -10.785 0.000 -3.996 -12.821 -1.905 -3.996 0.175018 0.949562 0.167906 0.917063 0.205436 0.942905
3 16 -10.785 0.000 -3.996 -10.785 -1.905 -3.996 -12.821 -1.905 -3.996 0.167906 0.917063 0.198324 0.910406 0.205436 0.942905
3 16 -15.325 -0.386 -3.996 -14.481 0.000 -3.996 -14.137 -1.895 -3.996 0.189923 0.988194 0.180817 0.976061 0.209862 0.963956
3 16 -12.821 0.000 -3.996 -12.821 -1.905 -3.996 -14.481 0.000 -3.996 0.175018 0.949562 0.205436 0.942905 0.180817 0.976061
3 16 -12.821 -1.905 -3.996 -14.137 -1.895 -3.996 -14.481 0.000 -3.996 0.205436 0.942905 0.209862 0.963956 0.180817 0.976061
3 16 -14.481 0.000 -3.996 -14.481 0.000 3.996 -12.821 0.000 -3.996 0.596599 0.345257 0.465989 0.345253 0.596600 0.318130
3 16 -14.481 0.000 3.996 -12.821 0.000 3.996 -12.821 0.000 -3.996 0.465989 0.345253 0.465990 0.318126 0.596600 0.318130
3 16 -10.785 0.000 -3.996 -10.785 0.000 3.996 -8.649 0.000 -3.996 0.596601 0.284862 0.465991 0.284858 0.596602 0.249955
3 16 -10.785 0.000 3.996 -8.649 0.000 3.996 -8.649 0.000 -3.996 0.465991 0.284858 0.465992 0.249951 0.596602 0.249955
3 16 -10.785 0.000 -3.996 -8.649 0.000 -3.996 -10.785 -1.905 -3.996 0.167906 0.917063 0.160444 0.882963 0.198324 0.910406
3 16 -8.649 0.000 -3.996 -8.621 -2.125 -3.996 -10.785 -1.905 -3.996 0.160444 0.882963 0.194264 0.875088 0.198324 0.910406
3 16 -8.649 0.000 -3.996 -8.649 0.000 3.996 -6.670 0.000 -3.996 0.596602 0.249955 0.465992 0.249951 0.596603 0.217611
3 16 -8.649 0.000 3.996 -6.670 0.000 3.996 -6.670 0.000 -3.996 0.465992 0.249951 0.465993 0.217607 0.596603 0.217611
3 16 -8.649 0.000 -3.996 -6.670 0.000 -3.996 -8.621 -2.125 -3.996 0.160444 0.882963 0.153529 0.851367 0.194264 0.875088
3 16 -6.670 0.000 -3.996 -4.942 -3.282 -3.996 -8.621 -2.125 -3.996 0.153529 0.851367 0.199885 0.812328 0.194264 0.875088
3 16 -12.991 -11.273 -3.996 -12.991 -13.096 -3.996 -14.599 -11.359 -3.996 0.355579 0.912898 0.384675 0.906530 0.362555 0.938261
3 16 -12.991 -13.096 -3.996 -14.377 -13.003 -3.996 -14.599 -11.359 -3.996 0.384675 0.906530 0.388039 0.928979 0.362555 0.938261
3 16 -15.586 -12.623 -3.996 -14.377 -13.003 -3.996 -15.586 -13.969 -3.996 0.386187 0.949600 0.388039 0.928979 0.407674 0.944898
3 16 -14.377 -13.003 -3.996 -15.270 -11.786 -3.996 -14.599 -11.359 -3.996 0.388039 0.928979 0.371724 0.947484 0.362555 0.938261
3 16 -15.586 -12.623 -3.996 -15.270 -11.786 -3.996 -14.377 -13.003 -3.996 0.386187 0.949600 0.371724 0.947484 0.388039 0.928979
3 16 -15.586 -13.969 -3.996 -14.377 -13.003 -3.996 -15.338 -14.255 -3.996 0.407674 0.944898 0.388039 0.928979 0.411367 0.939944
3 16 -14.873 -14.681 -3.996 -15.338 -14.255 -3.996 -14.377 -13.003 -3.996 0.416545 0.931034 0.411367 0.939944 0.388039 0.928979
3 16 -9.678 -17.453 -3.996 -8.936 -13.635 -3.996 -7.061 -18.861 -3.996 0.442657 0.838420 0.379114 0.839913 0.455979 0.791718
3 16 -8.936 -13.635 -3.996 -6.551 -17.923 -3.996 -7.061 -18.861 -3.996 0.379114 0.839913 0.439238 0.786859 0.455979 0.791718
3 16 -13.865 -15.219 -3.996 -14.873 -14.681 -3.996 -12.991 -13.096 -3.996 0.421612 0.913064 0.416545 0.931034 0.384675 0.906530
3 16 -14.873 -14.681 -3.996 -14.377 -13.003 -3.996 -12.991 -13.096 -3.996 0.416545 0.931034 0.388039 0.928979 0.384675 0.906530
3 16 -12.495 -15.950 -3.996 -13.865 -15.219 -3.996 -11.370 -13.714 -3.996 0.428499 0.888637 0.421612 0.913064 0.388869 0.878486
3 16 -13.865 -15.219 -3.996 -12.991 -13.096 -3.996 -11.370 -13.714 -3.996 0.421612 0.913064 0.384675 0.906530 0.388869 0.878486
3 16 -9.678 -17.453 -3.996 -12.495 -15.950 -3.996 -8.936 -13.635 -3.996 0.442657 0.838420 0.428499 0.888637 0.379114 0.839913
3 16 -12.495 -15.950 -3.996 -11.370 -13.714 -3.996 -8.936 -13.635 -3.996 0.428499 0.888637 0.388869 0.878486 0.379114 0.839913
3 16 -8.936 -13.635 -3.996 -6.307 -9.038 -3.996 -6.551 -17.923 -3.996 0.379114 0.839913 0.296536 0.814012 0.439238 0.786859
3 16 -1.140 -3.022 -3.996 -0.649 -5.505 -3.708 -1.083 -5.560 -3.996 0.828342 0.302142 0.828330 0.265092 0.836861 0.264477
3 16 -6.670 0.000 -3.996 -5.644 -0.152 -3.996 -4.942 -3.282 -3.996 0.153529 0.851367 0.152363 0.834459 0.199885 0.812328
3 16 -0.806 -2.028 -3.991 -0.806 -2.028 3.991 1.627 -2.963 -3.806 0.596229 0.115927 0.466368 0.115850 0.593505 0.073283
3 16 -0.806 -2.028 3.991 1.627 -2.963 3.806 1.627 -2.963 -3.806 0.466368 0.115850 0.469098 0.073280 0.593505 0.073283
3 16 1.627 -2.963 -3.806 1.298 -3.897 -3.868 -0.806 -2.028 -3.991 0.153121 0.712969 0.162794 0.699848 0.186287 0.738651
3 16 1.298 -3.897 -3.868 -1.140 -3.022 -3.996 -0.806 -2.028 -3.991 0.162794 0.699848 0.194106 0.704311 0.186287 0.738651
3 16 1.298 -3.897 -3.868 1.627 -2.963 -3.806 3.182 -4.508 -3.432 0.162794 0.699848 0.153121 0.712969 0.135452 0.681054
3 16 1.627 -2.963 -3.806 3.109 -3.650 -3.191 3.182 -4.508 -3.432 0.153121 0.712969 0.131278 0.695055 0.135452 0.681054
3 16 4.452 -4.152 -1.903 4.996 -5.074 -2.051 3.109 -3.650 -3.191 0.102357 0.682561 0.100669 0.665017 0.131278 0.695055
3 16 4.996 -5.074 -2.051 3.182 -4.508 -3.432 3.109 -3.650 -3.191 0.100669 0.665017 0.135452 0.681054 0.131278 0.695055
3 16 5.177 -4.336 0.000 5.757 -5.261 0.000 4.452 -4.152 -1.903 0.068712 0.681176 0.064685 0.663699 0.102357 0.682561
3 16 5.757 -5.261 0.000 4.996 -5.074 -2.051 4.452 -4.152 -1.903 0.064685 0.663699 0.100669 0.665017 0.102357 0.682561
3 16 3.182 -4.508 -3.432 3.252 -5.146 -3.514 1.298 -3.897 -3.868 0.135452 0.681054 0.137588 0.670679 0.162794 0.699848
3 16 3.252 -5.146 -3.514 1.576 -5.208 -3.932 1.298 -3.897 -3.868 0.137588 0.670679 0.165042 0.677900 0.162794 0.699848
3 16 4.996 -5.074 -2.051 3.618 -5.669 -3.492 3.182 -4.508 -3.432 0.100669 0.665017 0.134535 0.660668 0.135452 0.681054
3 16 3.618 -5.669 -3.492 3.252 -5.146 -3.514 3.182 -4.508 -3.432 0.134535 0.660668 0.137588 0.670679 0.135452 0.681054
3 16 1.576 -5.208 -3.932 -0.144 -5.405 -3.792 1.298 -3.897 -3.868 0.165042 0.677900 0.192874 0.683519 0.162794 0.699848
3 16 -0.144 -5.405 -3.792 -1.140 -3.022 -3.996 1.298 -3.897 -3.868 0.192874 0.683519 0.194106 0.704311 0.162794 0.699848
3 16 8.134 -37.645 -3.079 7.747 -39.329 -3.018 6.708 -37.377 -1.875 0.190761 0.123708 0.198198 0.096680 0.220928 0.129801
3 16 7.747 -39.329 -3.018 6.384 -38.944 -1.881 6.708 -37.377 -1.875 0.198198 0.096680 0.228116 0.100518 0.220928 0.129801
3 16 9.867 -37.976 -3.547 9.433 -39.723 -3.484 8.134 -37.645 -3.079 0.161292 0.116389 0.170158 0.090479 0.190761 0.123708
3 16 9.433 -39.723 -3.484 7.747 -39.329 -3.018 8.134 -37.645 -3.079 0.170158 0.090479 0.198198 0.096680 0.190761 0.123708
3 16 11.606 -38.311 -3.090 11.119 -40.118 -3.018 9.867 -37.976 -3.547 0.132418 0.106572 0.143321 0.080091 0.161292 0.116389
3 16 11.119 -40.118 -3.018 9.433 -39.723 -3.484 9.867 -37.976 -3.547 0.143321 0.080091 0.170158 0.090479 0.161292 0.116389
3 16 12.872 -38.552 -1.780 12.353 -40.407 -1.742 11.606 -38.311 -3.090 0.104284 0.094607 0.117810 0.066141 0.132418 0.106572
3 16 12.353 -40.407 -1.742 11.119 -40.118 -3.018 11.606 -38.311 -3.090 0.117810 0.066141 0.143321 0.080091 0.132418 0.106572
3 16 13.349 -38.645 0.000 12.805 -40.512 0.000 12.872 -38.552 -1.780 0.076739 0.081736 0.092814 0.050158 0.104284 0.094607
3 16 12.805 -40.512 0.000 12.353 -40.407 -1.742 12.872 -38.552 -1.780 0.092814 0.050158 0.117810 0.066141 0.104284 0.094607
3 16 -6.307 -9.038 -3.996 -1.804 -9.409 -3.996 -6.551 -17.923 -3.996 0.296536 0.814012 0.286729 0.740820 0.439238 0.786859
3 16 -1.804 -9.409 -3.996 -5.446 -18.485 -3.996 -6.551 -17.923 -3.996 0.286729 0.740820 0.444339 0.767254 0.439238 0.786859
3 16 -1.804 -9.409 -3.996 -1.593 -9.385 -1.965 -5.446 -18.485 -3.996 0.847957 0.201355 0.815446 0.193803 0.891727 0.047643
3 16 -1.593 -9.385 -1.965 -5.356 -18.950 -1.886 -5.446 -18.485 -3.996 0.815446 0.193803 0.860104 0.031879 0.891727 0.047643
3 16 -3.955 -19.982 -1.865 -5.356 -18.950 -1.886 -0.358 -10.295 -1.870 0.680309 0.129898 0.671657 0.102692 0.820110 0.034991
3 16 -5.356 -18.950 -1.886 -1.593 -9.385 -1.965 -0.358 -10.295 -1.870 0.671657 0.102692 0.812472 0.011062 0.820110 0.034991
3 16 -5.446 -18.485 -3.996 -5.877 -19.483 -3.996 -6.551 -17.923 -3.996 0.444339 0.767254 0.461780 0.770653 0.439238 0.786859
3 16 -5.877 -19.483 -3.996 -7.061 -18.861 -3.996 -6.551 -17.923 -3.996 0.461780 0.770653 0.455979 0.791718 0.439238 0.786859
3 16 -7.061 -18.861 -3.996 -5.640 -19.999 -1.036 -7.061 -18.861 3.996 0.597013 0.949265 0.548214 0.978475 0.465540 0.949261
3 16 -5.640 -19.999 -1.036 -5.640 -19.999 0.000 -7.061 -18.861 3.996 0.548214 0.978475 0.531275 0.978474 0.465540 0.949261
3 16 -5.640 -19.999 0.000 -5.640 -19.999 1.036 -7.061 -18.861 3.996 0.531275 0.978474 0.514337 0.978474 0.465540 0.949261
3 16 -5.356 -18.950 -1.886 -5.640 -19.999 -1.036 -5.446 -18.485 -3.996 0.860104 0.031879 0.851413 0.011062 0.891727 0.047643
3 16 -5.640 -19.999 -1.036 -5.877 -19.483 -3.996 -5.446 -18.485 -3.996 0.851413 0.011062 0.896648 0.030568 0.891727 0.047643
3 16 -3.955 -19.982 -1.865 -4.434 -20.852 -1.036 -5.356 -18.950 -1.886 0.680309 0.129898 0.660972 0.137945 0.671657 0.102692
3 16 -4.434 -20.852 -1.036 -5.640 -19.999 -1.036 -5.356 -18.950 -1.886 0.660972 0.137945 0.653315 0.115120 0.671657 0.102692
3 16 -4.434 -20.852 -1.036 -4.478 -20.830 0.000 -5.640 -19.999 -1.036 0.660972 0.137945 0.644604 0.142398 0.653315 0.115120
3 16 -4.478 -20.830 0.000 -5.640 -19.999 0.000 -5.640 -19.999 -1.036 0.644604 0.142398 0.637271 0.120274 0.653315 0.115120
3 16 2.613 -30.764 -1.827 8.006 -30.741 -2.028 4.051 -37.650 -1.865 0.671819 0.341128 0.747587 0.386962 0.635435 0.449938
3 16 8.006 -30.741 -2.028 6.708 -37.377 -1.875 4.051 -37.650 -1.865 0.747587 0.386962 0.673998 0.469315 0.635435 0.449938
3 16 4.051 -37.650 -1.865 3.297 -38.054 -1.036 2.613 -30.764 -1.827 0.635435 0.449938 0.616481 0.448071 0.671819 0.341128
3 16 3.297 -38.054 -1.036 1.706 -30.816 -1.036 2.613 -30.764 -1.827 0.616481 0.448071 0.653946 0.332801 0.671819 0.341128
3 16 3.297 -38.054 -1.036 3.297 -38.078 0.000 1.706 -30.816 -1.036 0.616481 0.448071 0.600028 0.444699 0.653946 0.332801
3 16 3.297 -38.078 0.000 1.706 -30.850 0.000 1.706 -30.816 -1.036 0.600028 0.444699 0.637510 0.328407 0.653946 0.332801
3 16 3.297 -38.054 -1.036 3.901 -39.032 -1.036 3.297 -38.078 0.000 0.616481 0.448071 0.616366 0.465558 0.600028 0.444699
3 16 3.901 -39.032 -1.036 3.901 -39.206 0.000 3.297 -38.078 0.000 0.616366 0.465558 0.601018 0.469613 0.600028 0.444699
3 16 3.901 -39.032 -1.036 4.885 -39.331 -1.036 3.901 -39.206 0.000 0.616366 0.465558 0.624081 0.479957 0.601018 0.469613
3 16 4.885 -39.331 -1.036 4.810 -39.416 0.000 3.901 -39.206 0.000 0.624081 0.479957 0.607654 0.485623 0.601018 0.469613
3 16 4.429 -38.300 -1.783 3.901 -39.032 -1.036 4.051 -37.650 -1.865 0.634380 0.461418 0.616366 0.465558 0.635435 0.449938
3 16 3.901 -39.032 -1.036 3.297 -38.054 -1.036 4.051 -37.650 -1.865 0.616366 0.465558 0.616481 0.448071 0.635435 0.449938
3 16 5.406 -38.622 -1.832 4.885 -39.331 -1.036 4.429 -38.300 -1.783 0.643557 0.474700 0.624081 0.479957 0.634380 0.461418
3 16 4.885 -39.331 -1.036 3.901 -39.032 -1.036 4.429 -38.300 -1.783 0.624081 0.479957 0.616366 0.465558 0.634380 0.461418
3 16 5.406 -38.622 -1.832 4.429 -38.300 -1.783 6.708 -37.377 -1.875 0.643557 0.474700 0.634380 0.461418 0.673998 0.469315
3 16 4.429 -38.300 -1.783 4.051 -37.650 -1.865 6.708 -37.377 -1.875 0.634380 0.461418 0.635435 0.449938 0.673998 0.469315
3 16 9.603 -30.715 -3.460 8.134 -37.645 -3.079 8.006 -30.741 -2.028 0.153879 0.235049 0.190761 0.123708 0.188742 0.239972
3 16 8.134 -37.645 -3.079 6.708 -37.377 -1.875 8.006 -30.741 -2.028 0.190761 0.123708 0.220928 0.129801 0.188742 0.239972
3 16 11.597 -30.644 -3.995 9.867 -37.976 -3.547 9.603 -30.715 -3.460 0.120375 0.230704 0.161292 0.116389 0.153879 0.235049
3 16 9.867 -37.976 -3.547 8.134 -37.645 -3.079 9.603 -30.715 -3.460 0.161292 0.116389 0.190761 0.123708 0.153879 0.235049
3 16 13.591 -30.574 -3.460 11.606 -38.311 -3.090 11.597 -30.644 -3.995 0.087035 0.225808 0.132418 0.106572 0.120375 0.230704
3 16 11.606 -38.311 -3.090 9.867 -37.976 -3.547 11.597 -30.644 -3.995 0.132418 0.106572 0.161292 0.116389 0.120375 0.230704
3 16 15.051 -30.523 -1.998 12.872 -38.552 -1.780 13.591 -30.574 -3.460 0.053798 0.220162 0.104284 0.094607 0.087035 0.225808
3 16 12.872 -38.552 -1.780 11.606 -38.311 -3.090 13.591 -30.574 -3.460 0.104284 0.094607 0.132418 0.106572 0.087035 0.225808
3 16 15.586 -30.504 0.000 13.349 -38.645 0.000 15.051 -30.523 -1.998 0.020791 0.213548 0.076739 0.081736 0.053798 0.220162
3 16 13.349 -38.645 0.000 12.872 -38.552 -1.780 15.051 -30.523 -1.998 0.076739 0.081736 0.104284 0.094607 0.053798 0.220162
3 16 5.869 -39.630 -1.036 6.384 -38.944 -1.881 6.241 -40.115 -1.778 0.243847 0.080960 0.228116 0.100518 0.228700 0.078985
3 16 6.241 -40.115 -1.778 5.686 -40.246 0.000 5.869 -39.630 -1.036 0.228700 0.078985 0.255088 0.062360 0.243847 0.080960
3 16 5.686 -40.246 0.000 5.720 -39.626 0.000 5.869 -39.630 -1.036 0.255088 0.062360 0.259623 0.071734 0.243847 0.080960
3 16 0.671 -23.957 -1.865 -3.955 -19.982 -1.865 6.569 -21.638 -1.879 0.703970 0.228411 0.680309 0.129898 0.805164 0.250380
3 16 -3.955 -19.982 -1.865 -0.358 -10.295 -1.870 6.569 -21.638 -1.879 0.680309 0.129898 0.820110 0.034991 0.805164 0.250380
3 16 3.252 -5.146 -3.514 3.618 -5.669 -3.492 1.576 -5.208 -3.932 0.137588 0.670679 0.134535 0.660668 0.165042 0.677900
3 16 3.618 -5.669 -3.492 1.847 -6.488 -3.995 1.576 -5.208 -3.932 0.134535 0.660668 0.167304 0.656548 0.165042 0.677900
3 16 1.576 -5.208 -3.932 1.847 -6.488 -3.995 -0.144 -5.405 -3.792 0.165042 0.677900 0.167304 0.656548 0.192874 0.683519
3 16 1.847 -6.488 -3.995 -0.074 -7.317 -3.406 -0.144 -5.405 -3.792 0.167304 0.656548 0.202727 0.652987 0.192874 0.683519
3 16 -2.922 -1.209 -3.996 -4.942 -3.282 -3.996 -5.644 -0.152 -3.996 0.159744 0.787320 0.199885 0.812328 0.152363 0.834459
3 16 -5.644 -0.152 -3.996 -5.644 -0.152 3.996 -2.922 -1.209 -3.996 0.596603 0.200662 0.465993 0.200659 0.596604 0.152950
3 16 -5.644 -0.152 3.996 -2.922 -1.209 3.996 -2.922 -1.209 -3.996 0.465993 0.200659 0.465995 0.152946 0.596604 0.152950
3 16 -1.804 -9.409 -3.996 -6.307 -9.038 -3.996 -1.244 -7.244 -3.996 0.286729 0.740820 0.296536 0.814012 0.250218 0.739440
3 16 -0.785 -7.486 -3.156 -0.074 -7.317 -3.406 -1.593 -9.385 -1.965 0.215349 0.654266 0.202727 0.652987 0.243816 0.627625
3 16 -0.074 -7.317 -3.406 -0.358 -10.295 -1.870 -1.593 -9.385 -1.965 0.202727 0.652987 0.231337 0.605834 0.243816 0.627625
3 16 -1.244 -7.244 -3.996 -0.785 -7.486 -3.156 -1.804 -9.409 -3.996 0.839969 0.237008 0.824773 0.231603 0.847957 0.201355
3 16 -0.785 -7.486 -3.156 -1.593 -9.385 -1.965 -1.804 -9.409 -3.996 0.824773 0.231603 0.815446 0.193803 0.847957 0.201355
3 16 -0.649 -5.505 -3.708 -0.144 -5.405 -3.792 -0.785 -7.486 -3.156 0.201321 0.684516 0.192874 0.683519 0.215349 0.654266
3 16 -0.144 -5.405 -3.792 -0.074 -7.317 -3.406 -0.785 -7.486 -3.156 0.192874 0.683519 0.202727 0.652987 0.215349 0.654266
3 16 -1.140 -3.022 -3.996 -0.144 -5.405 -3.792 -0.649 -5.505 -3.708 0.194106 0.704311 0.192874 0.683519 0.201321 0.684516
3 16 -1.083 -5.560 -3.996 -0.649 -5.505 -3.708 -1.244 -7.244 -3.996 0.836861 0.264477 0.828330 0.265092 0.839969 0.237008
3 16 -0.649 -5.505 -3.708 -0.785 -7.486 -3.156 -1.244 -7.244 -3.996 0.828330 0.265092 0.824773 0.231603 0.839969 0.237008
3 16 -4.942 -3.282 -3.996 -1.083 -5.560 -3.996 -6.307 -9.038 -3.996 0.199885 0.812328 0.222773 0.742751 0.296536 0.814012
3 16 -1.083 -5.560 -3.996 -1.244 -7.244 -3.996 -6.307 -9.038 -3.996 0.222773 0.742751 0.250218 0.739440 0.296536 0.814012
3 16 -1.140 -3.022 -3.996 -1.083 -5.560 -3.996 -4.942 -3.282 -3.996 0.183457 0.747910 0.222773 0.742751 0.199885 0.812328
3 16 -2.922 -1.209 -3.996 -0.806 -2.028 -3.991 -4.942 -3.282 -3.996 0.159744 0.787320 0.166409 0.751565 0.199885 0.812328
3 16 -0.806 -2.028 -3.991 -1.140 -3.022 -3.996 -4.942 -3.282 -3.996 0.166409 0.751565 0.183457 0.747910 0.199885 0.812328
3 16 -2.922 -1.209 -3.996 -2.922 -1.209 3.996 -0.806 -2.028 -3.991 0.596604 0.152950 0.465995 0.152946 0.596229 0.115927
3 16 -2.922 -1.209 3.996 -0.806 -2.028 3.991 -0.806 -2.028 -3.991 0.465995 0.152946 0.466368 0.115850 0.596229 0.115927
3 16 -3.955 -19.982 -1.865 0.671 -23.957 -1.865 -4.434 -20.852 -1.036 0.680309 0.129898 0.703970 0.228411 0.660972 0.137945
3 16 0.671 -23.957 -1.865 -0.047 -24.499 -1.036 -4.434 -20.852 -1.036 0.703970 0.228411 0.683704 0.229107 0.660972 0.137945
3 16 -4.434 -20.852 -1.036 -0.047 -24.499 -1.036 -4.478 -20.830 0.000 0.660972 0.137945 0.683704 0.229107 0.644604 0.142398
3 16 -0.047 -24.499 -1.036 -0.047 -24.536 0.000 -4.478 -20.830 0.000 0.683704 0.229107 0.666823 0.226640 0.644604 0.142398
3 16 -5.877 -19.483 -3.996 -5.640 -19.999 -1.036 -7.061 -18.861 -3.996 0.596968 0.971137 0.548214 0.978475 0.597013 0.949265
3 16 1.627 -2.963 3.806 3.109 -3.650 3.191 3.109 -3.650 0.000 0.469098 0.073280 0.479083 0.046584 0.531327 0.046637
3 16 3.109 -3.650 0.000 3.109 -3.650 3.191 5.177 -4.336 0.000 0.531327 0.046637 0.479083 0.046584 0.531304 0.011062
3 16 3.109 -3.650 3.191 4.452 -4.152 1.903 5.177 -4.336 0.000 0.479083 0.046584 0.500172 0.023169 0.531304 0.011062
3 16 6.569 -21.638 -1.879 8.006 -30.741 -2.028 0.671 -23.957 -1.865 0.805164 0.250380 0.747587 0.386962 0.703970 0.228411
3 16 8.006 -30.741 -2.028 2.613 -30.764 -1.827 0.671 -23.957 -1.865 0.747587 0.386962 0.671819 0.341128 0.703970 0.228411
3 16 -0.047 -24.499 -1.036 0.671 -23.957 -1.865 1.706 -30.816 -1.036 0.683704 0.229107 0.703970 0.228411 0.653946 0.332801
3 16 0.671 -23.957 -1.865 2.613 -30.764 -1.827 1.706 -30.816 -1.036 0.703970 0.228411 0.671819 0.341128 0.653946 0.332801
3 16 -0.047 -24.536 0.000 -0.047 -24.499 -1.036 1.706 -30.850 0.000 0.666823 0.226640 0.683704 0.229107 0.637510 0.328407
3 16 -0.047 -24.499 -1.036 1.706 -30.816 -1.036 1.706 -30.850 0.000 0.683704 0.229107 0.653946 0.332801 0.637510 0.328407
3 16 7.747 -39.329 -3.018 7.522 -40.457 -2.933 6.384 -38.944 -1.881 0.198198 0.096680 0.200838 0.078825 0.228116 0.100518
3 16 7.522 -40.457 -2.933 6.241 -40.115 -1.778 6.384 -38.944 -1.881 0.200838 0.078825 0.228700 0.078985 0.228116 0.100518
3 16 9.433 -39.723 -3.484 9.153 -40.888 -3.382 7.747 -39.329 -3.018 0.170158 0.090479 0.174789 0.073321 0.198198 0.096680
3 16 9.153 -40.888 -3.382 7.522 -40.457 -2.933 7.747 -39.329 -3.018 0.174789 0.073321 0.200838 0.078825 0.198198 0.096680
3 16 11.119 -40.118 -3.018 10.781 -41.313 -2.924 9.433 -39.723 -3.484 0.143321 0.080091 0.150583 0.062823 0.170158 0.090479
3 16 10.781 -41.313 -2.924 9.153 -40.888 -3.382 9.433 -39.723 -3.484 0.150583 0.062823 0.174789 0.073321 0.170158 0.090479
3 16 12.353 -40.407 -1.742 11.967 -41.630 -1.686 11.119 -40.118 -3.018 0.117810 0.066141 0.128534 0.047935 0.143321 0.080091
3 16 11.967 -41.630 -1.686 10.781 -41.313 -2.924 11.119 -40.118 -3.018 0.128534 0.047935 0.150583 0.062823 0.143321 0.080091
3 16 12.805 -40.512 0.000 12.391 -41.770 0.000 12.353 -40.407 -1.742 0.092814 0.050158 0.108521 0.029789 0.117810 0.066141
3 16 12.391 -41.770 0.000 11.967 -41.630 -1.686 12.353 -40.407 -1.742 0.108521 0.029789 0.128534 0.047935 0.117810 0.066141
3 16 11.939 -41.706 1.680 12.391 -41.770 0.000 12.353 -40.407 1.742 0.330860 0.703376 0.309192 0.720980 0.319325 0.684438
3 16 12.391 -41.770 0.000 12.805 -40.512 0.000 12.353 -40.407 1.742 0.309192 0.720980 0.294666 0.700137 0.319325 0.684438
3 16 10.735 -41.462 2.908 11.939 -41.706 1.680 11.119 -40.118 3.018 0.353364 0.689714 0.330860 0.703376 0.344748 0.670559
3 16 11.939 -41.706 1.680 12.353 -40.407 1.742 11.119 -40.118 3.018 0.330860 0.703376 0.319325 0.684438 0.344748 0.670559
3 16 9.099 -41.109 3.356 10.735 -41.462 2.908 9.433 -39.723 3.484 0.377341 0.680731 0.353364 0.689714 0.371545 0.660287
3 16 10.735 -41.462 2.908 11.119 -40.118 3.018 9.433 -39.723 3.484 0.353364 0.689714 0.344748 0.670559 0.371545 0.660287
3 16 7.465 -40.749 2.907 9.099 -41.109 3.356 7.747 -39.329 3.018 0.402605 0.676941 0.377341 0.680731 0.399652 0.654170
3 16 9.099 -41.109 3.356 9.433 -39.723 3.484 7.747 -39.329 3.018 0.377341 0.680731 0.371545 0.660287 0.399652 0.654170
3 16 6.244 -40.110 1.777 7.465 -40.749 2.907 6.384 -38.944 1.881 0.429831 0.672092 0.402605 0.676941 0.429528 0.650588
3 16 7.465 -40.749 2.907 7.747 -39.329 3.018 6.384 -38.944 1.881 0.402605 0.676941 0.399652 0.654170 0.429528 0.650588
3 16 7.796 -42.315 1.710 7.068 -42.177 0.998 7.793 -42.351 0.001 0.400762 0.710795 0.416203 0.714855 0.409934 0.735714
3 16 7.068 -42.177 0.998 6.790 -42.140 0.001 7.793 -42.351 0.001 0.416203 0.714855 0.429034 0.725031 0.409934 0.735714
3 16 9.736 -42.724 1.726 8.762 -42.513 1.985 9.722 -42.759 0.001 0.369193 0.718661 0.384493 0.711969 0.371117 0.744881
3 16 8.762 -42.513 1.985 8.753 -42.554 0.001 9.722 -42.759 0.001 0.384493 0.711969 0.391232 0.742470 0.371117 0.744881
3 16 7.790 -42.388 -1.690 7.793 -42.351 0.001 7.067 -42.220 -0.991 0.199773 0.038806 0.209324 0.014383 0.215240 0.035201
3 16 7.793 -42.351 0.001 6.790 -42.140 0.001 7.067 -42.220 -0.991 0.209324 0.014383 0.228418 0.025532 0.215240 0.035201
3 16 8.745 -42.595 -1.957 9.708 -42.793 -1.702 8.753 -42.554 0.001 0.183711 0.037430 0.168635 0.030898 0.190541 0.007377
3 16 9.708 -42.793 -1.702 9.722 -42.759 0.001 8.753 -42.554 0.001 0.168635 0.030898 0.170293 0.004842 0.190541 0.007377
3 16 7.419 -41.860 2.504 7.465 -40.749 2.907 6.357 -41.668 1.454 0.402644 0.695648 0.402605 0.676941 0.423686 0.699530
3 16 7.465 -40.749 2.907 6.244 -40.110 1.777 6.357 -41.668 1.454 0.402605 0.676941 0.429831 0.672092 0.423686 0.699530
3 16 7.068 -42.177 0.998 7.796 -42.315 1.710 6.357 -41.668 1.454 0.416203 0.714855 0.400762 0.710795 0.423686 0.699530
3 16 7.796 -42.315 1.710 7.419 -41.860 2.504 6.357 -41.668 1.454 0.400762 0.710795 0.402644 0.695648 0.423686 0.699530
3 16 8.838 -42.156 2.903 9.099 -41.109 3.356 7.419 -41.860 2.504 0.381542 0.697700 0.377341 0.680731 0.402644 0.695648
3 16 9.099 -41.109 3.356 7.465 -40.749 2.907 7.419 -41.860 2.504 0.377341 0.680731 0.402605 0.676941 0.402644 0.695648
3 16 7.796 -42.315 1.710 8.762 -42.513 1.985 7.419 -41.860 2.504 0.400762 0.710795 0.384493 0.711969 0.402644 0.695648
3 16 8.762 -42.513 1.985 8.838 -42.156 2.903 7.419 -41.860 2.504 0.384493 0.711969 0.381542 0.697700 0.402644 0.695648
3 16 10.263 -42.469 2.520 10.735 -41.462 2.908 8.838 -42.156 2.903 0.361448 0.705594 0.353364 0.689714 0.381542 0.697700
3 16 10.735 -41.462 2.908 9.099 -41.109 3.356 8.838 -42.156 2.903 0.353364 0.689714 0.377341 0.680731 0.381542 0.697700
3 16 8.762 -42.513 1.985 9.736 -42.724 1.726 8.838 -42.156 2.903 0.384493 0.711969 0.369193 0.718661 0.381542 0.697700
3 16 9.736 -42.724 1.726 10.263 -42.469 2.520 8.838 -42.156 2.903 0.369193 0.718661 0.361448 0.705594 0.381542 0.697700
3 16 11.302 -42.712 1.452 11.939 -41.706 1.680 10.263 -42.469 2.520 0.343796 0.718752 0.330860 0.703376 0.361448 0.705594
3 16 11.939 -41.706 1.680 10.735 -41.462 2.908 10.263 -42.469 2.520 0.330860 0.703376 0.353364 0.689714 0.361448 0.705594
3 16 9.736 -42.724 1.726 10.445 -42.890 0.997 10.263 -42.469 2.520 0.369193 0.718661 0.356819 0.729084 0.361448 0.705594
3 16 10.445 -42.890 0.997 11.302 -42.712 1.452 10.263 -42.469 2.520 0.356819 0.729084 0.343796 0.718752 0.361448 0.705594
3 16 11.672 -42.819 -0.006 12.391 -41.770 0.000 11.302 -42.712 1.452 0.329625 0.736938 0.309192 0.720980 0.343796 0.718752
3 16 12.391 -41.770 0.000 11.939 -41.706 1.680 11.302 -42.712 1.452 0.309192 0.720980 0.330860 0.703376 0.343796 0.718752
3 16 10.445 -42.890 0.997 10.695 -42.964 0.001 11.302 -42.712 1.452 0.356819 0.729084 0.349337 0.742990 0.343796 0.718752
3 16 10.695 -42.964 0.001 11.672 -42.819 -0.006 11.302 -42.712 1.452 0.349337 0.742990 0.329625 0.736938 0.343796 0.718752
3 16 11.278 -42.763 -1.457 11.967 -41.630 -1.686 11.672 -42.819 -0.006 0.143241 0.031028 0.128534 0.047935 0.128422 0.013313
3 16 11.967 -41.630 -1.686 12.391 -41.770 0.000 11.672 -42.819 -0.006 0.128534 0.047935 0.108521 0.029789 0.128422 0.013313
3 16 10.695 -42.964 0.001 10.423 -42.929 -0.987 11.672 -42.819 -0.006 0.148117 0.006378 0.156253 0.020544 0.128422 0.013313
3 16 10.423 -42.929 -0.987 11.278 -42.763 -1.457 11.672 -42.819 -0.006 0.156253 0.020544 0.143241 0.031028 0.128422 0.013313
3 16 6.357 -41.668 1.454 5.953 -41.621 -0.005 7.068 -42.177 0.998 0.423686 0.699530 0.443461 0.711859 0.416203 0.714855
3 16 5.953 -41.621 -0.005 6.790 -42.140 0.001 7.068 -42.177 0.998 0.443461 0.711859 0.429034 0.725031 0.416203 0.714855
3 16 6.357 -41.668 1.454 6.244 -40.110 1.777 5.953 -41.621 -0.005 0.423686 0.699530 0.429831 0.672092 0.443461 0.711859
3 16 6.244 -40.110 1.777 5.686 -40.246 0.000 5.953 -41.621 -0.005 0.429831 0.672092 0.455999 0.689044 0.443461 0.711859
3 16 5.953 -41.621 -0.005 6.352 -41.727 -1.462 6.790 -42.140 0.001 0.242604 0.039238 0.222414 0.050681 0.228418 0.025532
3 16 6.352 -41.727 -1.462 7.067 -42.220 -0.991 6.790 -42.140 0.001 0.222414 0.050681 0.215240 0.035201 0.228418 0.025532
3 16 5.953 -41.621 -0.005 5.686 -40.246 0.000 6.352 -41.727 -1.462 0.242604 0.039238 0.255088 0.062360 0.222414 0.050681
3 16 5.686 -40.246 0.000 6.241 -40.115 -1.778 6.352 -41.727 -1.462 0.255088 0.062360 0.228700 0.078985 0.222414 0.050681
3 16 6.352 -41.727 -1.462 7.408 -41.958 -2.499 7.067 -42.220 -0.991 0.222414 0.050681 0.201429 0.053955 0.215240 0.035201
3 16 7.408 -41.958 -2.499 7.790 -42.388 -1.690 7.067 -42.220 -0.991 0.201429 0.053955 0.199773 0.038806 0.215240 0.035201
3 16 6.352 -41.727 -1.462 6.241 -40.115 -1.778 7.408 -41.958 -2.499 0.222414 0.050681 0.228700 0.078985 0.201429 0.053955
3 16 6.241 -40.115 -1.778 7.522 -40.457 -2.933 7.408 -41.958 -2.499 0.228700 0.078985 0.200838 0.078825 0.201429 0.053955
3 16 7.408 -41.958 -2.499 8.815 -42.266 -2.890 7.790 -42.388 -1.690 0.201429 0.053955 0.180616 0.051649 0.199773 0.038806
3 16 8.815 -42.266 -2.890 8.745 -42.595 -1.957 7.790 -42.388 -1.690 0.180616 0.051649 0.183711 0.037430 0.199773 0.038806
3 16 7.408 -41.958 -2.499 7.522 -40.457 -2.933 8.815 -42.266 -2.890 0.201429 0.053955 0.200838 0.078825 0.180616 0.051649
3 16 7.522 -40.457 -2.933 9.153 -40.888 -3.382 8.815 -42.266 -2.890 0.200838 0.078825 0.174789 0.073321 0.180616 0.051649
3 16 8.815 -42.266 -2.890 10.231 -42.561 -2.511 8.745 -42.595 -1.957 0.180616 0.051649 0.160881 0.043750 0.183711 0.037430
3 16 10.231 -42.561 -2.511 9.708 -42.793 -1.702 8.745 -42.595 -1.957 0.160881 0.043750 0.168635 0.030898 0.183711 0.037430
3 16 8.815 -42.266 -2.890 9.153 -40.888 -3.382 10.231 -42.561 -2.511 0.180616 0.051649 0.174789 0.073321 0.160881 0.043750
3 16 9.153 -40.888 -3.382 10.781 -41.313 -2.924 10.231 -42.561 -2.511 0.174789 0.073321 0.150583 0.062823 0.160881 0.043750
3 16 10.231 -42.561 -2.511 11.278 -42.763 -1.457 9.708 -42.793 -1.702 0.160881 0.043750 0.143241 0.031028 0.168635 0.030898
3 16 11.278 -42.763 -1.457 10.423 -42.929 -0.987 9.708 -42.793 -1.702 0.143241 0.031028 0.156253 0.020544 0.168635 0.030898
3 16 10.231 -42.561 -2.511 10.781 -41.313 -2.924 11.278 -42.763 -1.457 0.160881 0.043750 0.150583 0.062823 0.143241 0.031028
3 16 10.781 -41.313 -2.924 11.967 -41.630 -1.686 11.278 -42.763 -1.457 0.150583 0.062823 0.128534 0.047935 0.143241 0.031028
3 16 8.745 -42.595 -1.957 8.753 -42.554 0.001 7.790 -42.388 -1.690 0.183711 0.037430 0.190541 0.007377 0.199773 0.038806
3 16 8.753 -42.554 0.001 7.793 -42.351 0.001 7.790 -42.388 -1.690 0.190541 0.007377 0.209324 0.014383 0.199773 0.038806
3 16 7.793 -42.351 0.001 8.753 -42.554 0.001 7.796 -42.315 1.710 0.409934 0.735714 0.391232 0.742470 0.400762 0.710795
3 16 8.753 -42.554 0.001 8.762 -42.513 1.985 7.796 -42.315 1.710 0.391232 0.742470 0.384493 0.711969 0.400762 0.710795
3 16 10.423 -42.929 -0.987 10.695 -42.964 0.001 9.708 -42.793 -1.702 0.156253 0.020544 0.148117 0.006378 0.168635 0.030898
3 16 10.695 -42.964 0.001 9.722 -42.759 0.001 9.708 -42.793 -1.702 0.148117 0.006378 0.170293 0.004842 0.168635 0.030898
3 16 9.736 -42.724 1.726 9.722 -42.759 0.001 10.445 -42.890 0.997 0.369193 0.718661 0.371117 0.744881 0.356819 0.729084
3 16 9.722 -42.759 0.001 10.695 -42.964 0.001 10.445 -42.890 0.997 0.371117 0.744881 0.349337 0.742990 0.356819 0.729084
3 16 5.406 -38.622 -1.832 6.708 -37.377 -1.875 6.384 -38.944 -1.881 0.643557 0.474700 0.673998 0.469315 0.652948 0.488541
3 16 5.406 -38.622 -1.832 6.384 -38.944 -1.881 4.885 -39.331 -1.036 0.643557 0.474700 0.652948 0.488541 0.624081 0.479957
3 16 6.384 -38.944 -1.881 5.869 -39.630 -1.036 4.885 -39.331 -1.036 0.652948 0.488541 0.632336 0.494562 0.624081 0.479957
3 16 4.885 -39.331 -1.036 5.869 -39.630 -1.036 4.810 -39.416 0.000 0.624081 0.479957 0.632336 0.494562 0.607654 0.485623
3 16 5.869 -39.630 -1.036 5.720 -39.626 0.000 4.810 -39.416 0.000 0.632336 0.494562 0.615010 0.499827 0.607654 0.485623
3 16 4.810 -39.416 0.000 5.720 -39.626 0.000 4.885 -39.331 1.036 0.969986 0.826406 0.962400 0.840494 0.953656 0.820476
3 16 5.720 -39.626 0.000 5.869 -39.630 1.036 4.885 -39.331 1.036 0.962400 0.840494 0.945157 0.834961 0.953656 0.820476
3 16 4.885 -39.331 1.036 5.869 -39.630 1.036 5.406 -38.622 1.832 0.953656 0.820476 0.945157 0.834961 0.934305 0.814938
3 16 5.869 -39.630 1.036 6.384 -38.944 1.881 5.406 -38.622 1.832 0.945157 0.834961 0.924613 0.828565 0.934305 0.814938
3 16 6.708 -37.377 1.875 5.406 -38.622 1.832 6.384 -38.944 1.881 0.903951 0.809045 0.934305 0.814938 0.924613 0.828565
3 16 -5.877 -19.483 3.996 -7.061 -18.861 3.996 -5.640 -19.999 1.036 0.465583 0.971134 0.465540 0.949261 0.514337 0.978474
3 16 3.109 -3.650 0.000 5.177 -4.336 0.000 3.109 -3.650 -3.191 0.531327 0.046637 0.531304 0.011062 0.583522 0.046587
3 16 5.177 -4.336 0.000 4.452 -4.152 -1.903 3.109 -3.650 -3.191 0.531304 0.011062 0.562435 0.023171 0.583522 0.046587
3 16 1.627 -2.963 -3.806 1.627 -2.963 3.806 3.109 -3.650 -3.191 0.593505 0.073283 0.469098 0.073280 0.583522 0.046587
3 16 1.627 -2.963 3.806 3.109 -3.650 0.000 3.109 -3.650 -3.191 0.469098 0.073280 0.531327 0.046637 0.583522 0.046587
2 24 6.569 -21.638 1.879 -0.358 -10.295 1.870
2 24 3.297 -38.054 1.036 1.706 -30.816 1.036
2 24 -7.888 -5.686 -3.996 -9.353 -4.222 -3.996
2 24 -7.353 -7.686 -3.996 -7.888 -5.686 -3.996
2 24 -1.244 -7.244 -3.996 -1.804 -9.409 -3.996
2 24 1.706 -30.816 -1.036 -0.047 -24.499 -1.036
2 24 -9.353 -4.222 3.996 -11.108 -3.727 3.996
2 24 -15.407 -3.456 -3.996 -15.575 -2.735 -3.996
2 24 1.627 -2.963 3.806 -0.806 -2.028 3.991
2 24 -11.108 -3.727 -3.996 -13.037 -4.047 -3.996
2 24 -1.593 -9.385 -1.965 -5.356 -18.950 -1.886
2 24 -6.670 0.000 -3.996 -14.481 0.000 -3.996
2 24 -0.649 -5.505 -3.708 -0.785 -7.486 -3.156
2 24 3.297 -38.054 -1.036 1.706 -30.816 -1.036
2 24 5.869 -39.630 1.036 5.720 -39.626 0.000
2 24 6.357 -41.668 1.454 5.953 -41.621 -0.005
2 24 3.901 -39.032 -1.036 3.901 -39.206 0.000
2 24 3.901 -39.032 -1.036 3.297 -38.054 -1.036
2 24 6.569 -21.638 -1.879 -0.358 -10.295 -1.870
2 24 -5.644 -0.152 -3.996 -6.670 0.000 -3.996
2 24 -9.353 -11.150 3.996 -11.338 -11.543 3.996
2 24 -12.991 -11.273 3.996 -14.599 -11.359 3.996
2 24 11.278 -42.763 -1.457 10.231 -42.561 -2.511
2 24 1.627 -2.963 -3.806 -0.806 -2.028 -3.991
2 24 -0.806 -2.028 -3.991 -5.644 -0.152 -3.996
2 24 -15.325 -0.386 3.996 -15.575 -1.317 3.996
2 24 -5.640 -19.999 1.036 -5.877 -19.483 3.996
2 24 -11.338 -11.543 3.996 -12.991 -11.273 3.996
2 24 -15.575 -1.317 3.996 -15.575 -2.735 3.996
2 24 -15.586 -12.623 3.996 -15.586 -13.969 3.996
2 24 -0.047 -24.499 1.036 -4.434 -20.852 1.036
2 24 -11.108 -3.727 3.996 -13.037 -4.047 3.996
2 24 -15.325 -0.386 -3.996 -15.575 -1.317 -3.996
2 24 -13.037 -4.047 3.996 -14.735 -3.932 3.996
2 24 -14.481 0.000 3.996 -15.325 -0.386 3.996
2 24 -15.575 -1.317 -3.996 -15.575 -2.735 -3.996
2 24 -15.586 -12.623 -3.996 -15.586 -13.969 -3.996
2 24 -11.338 -11.543 -3.996 -12.991 -11.273 -3.996
2 24 -0.649 -5.505 3.708 -0.785 -7.486 3.156
2 24 -7.353 -7.686 -3.996 -7.888 -9.686 -3.996
2 24 -15.407 -3.456 3.996 -15.575 -2.735 3.996
2 24 -7.061 -18.861 -3.996 -14.873 -14.681 -3.996
2 24 -5.877 -19.483 -3.996 -7.061 -18.861 -3.996
2 24 -0.047 -24.499 -1.036 -4.434 -20.852 -1.036
2 24 8.838 -42.156 2.903 7.419 -41.860 2.504
2 24 3.109 -3.650 -3.191 1.627 -2.963 -3.806
2 24 -7.888 -9.686 3.996 -9.353 -11.150 3.996
2 24 -14.599 -11.359 3.996 -15.270 -11.786 3.996
2 24 -5.356 -18.950 1.886 -5.640 -19.999 1.036
2 24 3.901 -39.032 1.036 3.297 -38.054 1.036
2 24 11.672 -42.819 -0.006 11.278 -42.763 -1.457
2 24 -15.270 -11.786 3.996 -15.586 -12.623 3.996
2 24 -14.873 -14.681 -3.996 -15.338 -14.255 -3.996
2 24 -15.338 -14.255 -3.996 -15.586 -13.969 -3.996
2 24 -5.640 -19.999 -1.036 -5.877 -19.483 -3.996
2 24 -7.353 -7.686 3.996 -7.888 -9.686 3.996
2 24 -14.735 -3.932 3.996 -15.407 -3.456 3.996
2 24 -7.888 -5.686 3.996 -9.353 -4.222 3.996
2 24 -7.353 -7.686 3.996 -7.888 -5.686 3.996
2 24 -1.244 -7.244 3.996 -1.804 -9.409 3.996
2 24 -15.270 -11.786 -3.996 -15.586 -12.623 -3.996
2 24 -1.804 -9.409 3.996 -5.446 -18.485 3.996
2 24 -5.446 -18.485 3.996 -5.877 -19.483 3.996
2 24 -9.353 -11.150 -3.996 -11.338 -11.543 -3.996
2 24 -12.991 -11.273 -3.996 -14.599 -11.359 -3.996
2 24 -6.670 0.000 3.996 -14.481 0.000 3.996
2 24 -7.888 -9.686 -3.996 -9.353 -11.150 -3.996
2 24 -1.593 -9.385 1.965 -5.356 -18.950 1.886
2 24 -15.325 -0.386 -3.996 -15.325 -0.386 3.996
2 24 -14.599 -11.359 -3.996 -15.270 -11.786 -3.996
2 24 -4.434 -20.852 -1.036 -5.640 -19.999 -1.036
2 24 6.384 -38.944 1.881 5.869 -39.630 1.036
2 24 -15.338 -14.255 3.996 -15.586 -13.969 3.996
2 24 -14.873 -14.681 3.996 -15.338 -14.255 3.996
2 24 -7.061 -18.861 3.996 -14.873 -14.681 3.996
2 24 -5.877 -19.483 3.996 -7.061 -18.861 3.996
2 24 7.419 -41.860 2.504 6.357 -41.668 1.454
2 24 -0.806 -2.028 3.991 -5.644 -0.152 3.996
2 24 1.706 -30.816 1.036 -0.047 -24.499 1.036
2 24 -5.446 -18.485 -3.996 -5.877 -19.483 -3.996
2 24 -9.353 -4.222 -3.996 -11.108 -3.727 -3.996
2 24 -1.804 -9.409 -3.996 -5.446 -18.485 -3.996
2 24 -5.644 -0.152 3.996 -6.670 0.000 3.996
2 24 -5.356 -18.950 -1.886 -5.640 -19.999 -1.036
2 24 -14.735 -3.932 -3.996 -15.407 -3.456 -3.996
2 24 3.109 -3.650 3.191 1.627 -2.963 3.806
2 24 -13.037 -4.047 -3.996 -14.735 -3.932 -3.996
2 24 -14.481 0.000 -3.996 -15.325 -0.386 -3.996
2 24 -0.785 -7.486 3.156 -1.593 -9.385 1.965
2 24 -0.785 -7.486 -3.156 -1.593 -9.385 -1.965
2 24 7.408 -41.958 -2.499 6.352 -41.727 -1.462
2 24 8.815 -42.266 -2.890 7.408 -41.958 -2.499
2 24 -4.434 -20.852 1.036 -5.640 -19.999 1.036
2 24 5.869 -39.630 -1.036 5.720 -39.626 0.000
2 24 6.384 -38.944 -1.881 5.869 -39.630 -1.036
2 24 6.352 -41.727 -1.462 5.953 -41.621 -0.005
2 24 3.901 -39.032 1.036 3.901 -39.206 0.000
2 24 6.384 -38.944 1.881 5.406 -38.622 1.832
2 24 11.672 -42.819 -0.006 11.302 -42.712 1.452
2 24 10.231 -42.561 -2.511 8.815 -42.266 -2.890
2 24 10.263 -42.469 2.520 8.838 -42.156 2.903
2 24 11.302 -42.712 1.452 10.263 -42.469 2.520
