0 FILE bl_41637.dat
0 MINI ARMOUR, NO. 13
0 Name:  bl_41637.dat
0 Author:  
0 BFC CERTIFY CCW
3 16 -25.832 -11.016 -2.959 -27.052 -11.867 0.000 -28.592 -7.210 -2.987 -0.958432 0.524691 -0.990234 0.576900 -0.884143 0.569493
3 16 -27.052 -11.867 0.000 -29.948 -8.898 0.000 -28.592 -7.210 -2.987 -0.990234 0.576900 -0.928062 0.621548 -0.884143 0.569493
3 16 -23.002 -9.264 -6.426 -25.832 -11.016 -2.959 -25.085 -3.820 -6.374 -0.916439 0.446609 -0.958432 0.524691 -0.815614 0.483998
3 16 -25.832 -11.016 -2.959 -28.592 -7.210 -2.987 -25.085 -3.820 -6.374 -0.958432 0.524691 -0.884143 0.569493 -0.815614 0.483998
3 16 -19.674 -8.320 -8.419 -23.002 -9.264 -6.426 -18.849 -5.002 -8.956 -0.896987 0.375532 -0.916439 0.446609 -0.835242 0.359051
3 16 -23.002 -9.264 -6.426 -25.085 -3.820 -6.374 -18.849 -5.002 -8.956 -0.916439 0.446609 -0.815614 0.483998 -0.835242 0.359051
3 16 -28.592 -7.210 -2.987 -29.948 -8.898 0.000 -27.512 -5.806 -2.698 -0.728618 0.908561 -0.678175 0.954325 -0.719749 0.876643
3 16 -29.948 -8.898 0.000 -29.349 -8.047 0.000 -27.512 -5.806 -2.698 -0.678175 0.954325 -0.676046 0.935221 -0.719749 0.876643
3 16 -25.085 -3.820 -6.374 -28.592 -7.210 -2.987 -24.676 -3.339 -4.934 -0.782150 0.812902 -0.728618 0.908561 -0.754576 0.803807
3 16 -28.592 -7.210 -2.987 -27.512 -5.806 -2.698 -24.676 -3.339 -4.934 -0.728618 0.908561 -0.719749 0.876643 -0.754576 0.803807
3 16 -20.893 -1.215 -8.477 -25.085 -3.820 -6.374 -20.578 -1.049 -6.831 -0.814143 0.719182 -0.782150 0.812902 -0.783362 0.714883
3 16 -25.085 -3.820 -6.374 -24.676 -3.339 -4.934 -20.578 -1.049 -6.831 -0.782150 0.812902 -0.754576 0.803807 -0.783362 0.714883
3 16 -17.752 -0.092 -9.316 -20.893 -1.215 -8.477 -17.559 0.000 -7.497 -0.825152 0.656640 -0.814143 0.719182 -0.791374 0.655156
3 16 -20.893 -1.215 -8.477 -20.578 -1.049 -6.831 -17.559 0.000 -7.497 -0.814143 0.719182 -0.783362 0.714883 -0.791374 0.655156
3 16 -28.217 -7.008 0.000 -26.448 -5.744 0.000 -26.604 -5.675 -1.509 -0.895222 0.926338 -0.887512 0.887194 -0.915333 0.882976
3 16 -23.681 -4.660 0.000 -21.920 -3.646 -3.160 -26.448 -5.744 0.000 -0.874599 0.834256 -0.922136 0.783374 -0.887512 0.887194
3 16 -21.920 -3.646 -3.160 -26.604 -5.675 -1.509 -26.448 -5.744 0.000 -0.922136 0.783374 -0.915333 0.882976 -0.887512 0.887194
3 16 -18.142 -4.826 -1.812 -19.053 -3.856 -2.229 -18.970 -4.826 0.000 -0.119207 0.089233 -0.140833 0.103204 -0.099146 0.120065
3 16 -19.053 -3.856 -2.229 -19.508 -4.206 0.000 -18.970 -4.826 0.000 -0.140833 0.103204 -0.109116 0.131475 -0.099146 0.120065
3 16 -24.676 -3.339 -4.934 -21.920 -3.646 -3.160 -20.578 -1.049 -6.831 -0.970979 0.819785 -0.922136 0.783374 -0.990234 0.729263
3 16 -24.676 -3.339 -4.934 -27.512 -5.806 -2.698 -21.920 -3.646 -3.160 -0.970979 0.819785 -0.940795 0.894055 -0.922136 0.783374
3 16 -27.512 -5.806 -2.698 -26.604 -5.675 -1.509 -21.920 -3.646 -3.160 -0.940795 0.894055 -0.915333 0.882976 -0.922136 0.783374
3 16 -27.512 -5.806 -2.698 -29.349 -8.047 0.000 -26.604 -5.675 -1.509 -0.940795 0.894055 -0.899853 0.954294 -0.915333 0.882976
3 16 -29.349 -8.047 0.000 -28.217 -7.008 0.000 -26.604 -5.675 -1.509 -0.899853 0.954294 -0.895222 0.926338 -0.915333 0.882976
3 16 -18.142 -4.826 -1.812 -16.222 -4.826 -2.596 -19.053 -3.856 -2.229 -0.119207 0.089233 -0.121473 0.051023 -0.140833 0.103204
3 16 -16.222 -4.826 -2.596 -16.977 -2.876 -4.354 -19.053 -3.856 -2.229 -0.121473 0.051023 -0.171781 0.054459 -0.140833 0.103204
3 16 -21.920 -3.646 -3.160 -19.053 -3.856 -2.229 -16.977 -2.876 -4.354 -0.922136 0.783374 -0.887053 0.739403 -0.913351 0.688328
3 16 -21.920 -3.646 -3.160 -16.977 -2.876 -4.354 -20.578 -1.049 -6.831 -0.922136 0.783374 -0.913351 0.688328 -0.990234 0.729263
3 16 -16.977 -2.876 -4.354 -17.559 0.000 -7.497 -20.578 -1.049 -6.831 -0.913351 0.688328 -0.990234 0.669076 -0.990234 0.729263
3 16 -16.396 -0.257 -9.574 -17.752 -0.092 -9.316 -16.563 -0.089 -7.419 -0.828522 0.631196 -0.825152 0.656640 -0.788894 0.636804
3 16 -17.752 -0.092 -9.316 -17.559 0.000 -7.497 -16.563 -0.089 -7.419 -0.825152 0.656640 -0.791374 0.655156 -0.788894 0.636804
3 16 -15.492 -1.289 -9.706 -16.396 -0.257 -9.574 -15.709 -0.720 -6.931 -0.830376 0.605812 -0.828522 0.631196 -0.779252 0.617508
3 16 -16.396 -0.257 -9.574 -16.563 -0.089 -7.419 -15.709 -0.720 -6.931 -0.828522 0.631196 -0.788894 0.636804 -0.779252 0.617508
3 16 -17.559 0.000 -7.497 -16.977 -2.876 -4.354 -16.563 -0.089 -7.419 -0.990234 0.669076 -0.913351 0.688328 -0.981417 0.652814
3 16 -16.977 -2.876 -4.354 -15.709 -0.720 -6.931 -16.563 -0.089 -7.419 -0.913351 0.688328 -0.962049 0.643397 -0.981417 0.652814
3 16 -14.697 -4.677 -2.399 -15.274 -2.890 -4.630 -16.222 -4.826 -2.596 -0.114520 0.023364 -0.168356 0.022804 -0.121473 0.051023
3 16 -15.274 -2.890 -4.630 -16.977 -2.876 -4.354 -16.222 -4.826 -2.596 -0.168356 0.022804 -0.171781 0.054459 -0.121473 0.051023
3 16 -15.274 -2.890 -4.630 -14.697 -4.677 -2.399 -14.891 -4.402 -9.719 -0.736306 0.577166 -0.694707 0.542987 -0.829913 0.547279
3 16 -16.222 -4.826 -2.596 -16.232 -4.826 0.000 -14.697 -4.677 -2.399 -0.757988 0.043048 -0.710113 0.045169 -0.753509 0.014882
3 16 -16.232 -4.826 0.000 -14.374 -4.826 -1.535 -14.697 -4.677 -2.399 -0.710113 0.045169 -0.737037 0.009766 -0.753509 0.014882
3 16 -16.232 -4.826 0.000 -14.373 -4.826 0.000 -14.374 -4.826 -1.535 -0.710113 0.045169 -0.708724 0.010881 -0.737037 0.009766
3 16 -13.938 -5.308 -2.407 -14.374 -4.826 -1.535 -13.938 -5.308 0.000 -0.694593 0.523228 -0.678517 0.537038 -0.650154 0.523317
3 16 -14.374 -4.826 -1.535 -14.373 -4.826 0.000 -13.938 -5.308 0.000 -0.678517 0.537038 -0.650182 0.537077 -0.650154 0.523317
3 16 -16.396 -0.257 -9.574 -18.849 -5.002 -8.956 -17.752 -0.092 -9.316 -0.747260 0.313041 -0.835242 0.359051 -0.744392 0.338556
3 16 -18.849 -5.002 -8.956 -16.396 -0.257 -9.574 -15.492 -1.289 -9.706 -0.835242 0.359051 -0.747260 0.313041 -0.766220 0.296049
3 16 -14.386 -8.310 -9.636 -18.849 -5.002 -8.956 -13.938 -5.308 -9.763 -0.895801 0.275444 -0.835242 0.359051 -0.842653 0.267078
3 16 -18.849 -5.002 -8.956 -14.891 -4.402 -9.719 -13.938 -5.308 -9.763 -0.835242 0.359051 -0.823672 0.284717 -0.842653 0.267078
3 16 0.000 -5.308 -6.319 0.000 -5.308 -9.814 -3.246 -5.308 -5.619 -0.096754 0.685333 -0.032221 0.685333 -0.109670 0.625418
3 16 0.000 -5.308 -9.814 -13.938 -5.308 -9.763 -3.246 -5.308 -5.619 -0.032221 0.685333 -0.033144 0.428024 -0.109670 0.625418
3 16 -14.386 -8.310 -9.636 -13.938 -5.308 -9.763 0.000 -8.310 -9.814 -0.895801 0.275444 -0.842653 0.267078 -0.895831 0.009772
3 16 -13.938 -5.308 -9.763 0.000 -5.308 -9.814 0.000 -8.310 -9.814 -0.842653 0.267078 -0.840645 0.009766 -0.895831 0.009772
3 16 -25.832 -11.016 -2.959 -25.819 -11.037 0.000 -27.052 -11.867 0.000 -0.318551 0.497087 -0.373153 0.496668 -0.373397 0.524084
3 16 -23.002 -9.264 -6.426 -22.928 -9.486 0.000 -25.832 -11.016 -2.959 -0.253859 0.436499 -0.372625 0.435793 -0.318551 0.497087
3 16 -22.928 -9.486 0.000 -25.819 -11.037 0.000 -25.832 -11.016 -2.959 -0.372625 0.435793 -0.373153 0.496668 -0.318551 0.497087
3 16 -19.674 -8.320 -8.419 -19.546 -8.591 0.000 -23.002 -9.264 -6.426 -0.216733 0.372903 -0.372273 0.371009 -0.253859 0.436499
3 16 -19.546 -8.591 0.000 -22.928 -9.486 0.000 -23.002 -9.264 -6.426 -0.372273 0.371009 -0.372625 0.435793 -0.253859 0.436499
3 16 -14.386 -8.310 -9.636 -14.386 -8.306 0.000 -19.674 -8.320 -8.419 -0.194340 0.275317 -0.372175 0.275302 -0.216733 0.372903
3 16 -14.386 -8.306 0.000 -19.546 -8.591 0.000 -19.674 -8.320 -8.419 -0.372175 0.275302 -0.372273 0.371009 -0.216733 0.372903
3 16 -19.674 -8.320 -8.419 -18.849 -5.002 -8.956 -14.386 -8.310 -9.636 -0.896987 0.375532 -0.835242 0.359051 -0.895801 0.275444
3 16 -17.671 -4.826 0.000 -16.232 -4.826 0.000 -18.142 -4.826 -1.812 -0.711190 0.071728 -0.710113 0.045169 -0.744970 0.079044
3 16 -16.232 -4.826 0.000 -16.222 -4.826 -2.596 -18.142 -4.826 -1.812 -0.710113 0.045169 -0.757988 0.043048 -0.744970 0.079044
3 16 -18.970 -4.826 0.000 -17.671 -4.826 0.000 -18.142 -4.826 -1.812 -0.712161 0.095674 -0.711190 0.071728 -0.744970 0.079044
3 16 -14.374 -4.826 -1.535 -13.938 -5.308 -2.407 -14.697 -4.677 -2.399 -0.678517 0.537038 -0.694593 0.523228 -0.694707 0.542987
3 16 -14.891 -4.402 -9.719 -14.697 -4.677 -2.399 -13.938 -5.308 -9.763 -0.829913 0.547279 -0.694707 0.542987 -0.830376 0.521379
3 16 -14.697 -4.677 -2.399 -13.938 -5.308 -2.407 -13.938 -5.308 -9.763 -0.694707 0.542987 -0.694593 0.523228 -0.830376 0.521379
3 16 -5.478 -5.308 -3.241 -5.478 -8.310 -3.241 -3.246 -5.308 -5.619 -0.989785 0.282035 -0.934368 0.281834 -0.990003 0.221830
3 16 -5.478 -8.310 -3.241 -3.246 -8.310 -5.619 -3.246 -5.308 -5.619 -0.934368 0.281834 -0.934586 0.221629 -0.990003 0.221830
3 16 -14.386 -8.310 -9.636 -3.246 -8.310 -5.619 -5.478 -8.310 -3.241 -0.194340 0.275317 -0.268454 0.069679 -0.312348 0.110881
3 16 -7.724 -8.310 -1.784 -7.724 -8.310 0.000 -14.386 -8.310 -9.636 -0.339241 0.152206 -0.372174 0.152246 -0.194340 0.275317
3 16 -7.724 -8.310 0.000 -14.386 -8.306 0.000 -14.386 -8.310 -9.636 -0.372174 0.152246 -0.372175 0.275302 -0.194340 0.275317
3 16 -7.724 -5.308 0.000 -7.724 -8.310 0.000 -7.724 -5.308 -1.784 -0.455225 0.009767 -0.455223 0.065185 -0.422289 0.009766
3 16 -7.724 -8.310 0.000 -7.724 -8.310 -1.784 -7.724 -5.308 -1.784 -0.455223 0.065185 -0.422289 0.065184 -0.422289 0.009766
3 16 -3.246 -5.308 -5.619 -3.246 -8.310 -5.619 0.000 -5.308 -6.319 -0.990003 0.221830 -0.934586 0.221629 -0.990234 0.160540
3 16 -3.246 -8.310 -5.619 0.000 -8.310 -6.265 0.000 -5.308 -6.319 -0.934586 0.221629 -0.934808 0.160540 -0.990234 0.160540
3 16 -5.478 -5.308 -3.241 -6.104 -5.308 -1.784 -5.478 -8.310 -3.241 -0.989785 0.282035 -0.989679 0.311314 -0.934368 0.281834
3 16 -6.104 -5.308 -1.784 -6.104 -8.310 -1.784 -5.478 -8.310 -3.241 -0.989679 0.311314 -0.934261 0.311112 -0.934368 0.281834
3 16 -7.724 -5.308 -1.784 -7.724 -8.310 -1.784 -6.104 -5.308 -1.784 -0.319232 0.065342 -0.319232 0.009924 -0.349284 0.065183
3 16 -7.724 -8.310 -1.784 -6.104 -8.310 -1.784 -6.104 -5.308 -1.784 -0.319232 0.009924 -0.348990 0.009766 -0.349284 0.065183
3 16 -7.724 -5.308 0.000 -7.724 -5.308 -1.784 -13.938 -5.308 0.000 -0.213399 0.542862 -0.180464 0.542591 -0.213379 0.428002
3 16 -7.724 -5.308 -1.784 -13.938 -5.308 -2.407 -13.938 -5.308 0.000 -0.180464 0.542591 -0.168940 0.428010 -0.213379 0.428002
3 16 -6.104 -5.308 -1.784 -5.478 -5.308 -3.241 -7.724 -5.308 -1.784 -0.180461 0.572644 -0.153565 0.584212 -0.180464 0.542591
3 16 -5.478 -5.308 -3.241 -13.938 -5.308 -9.763 -7.724 -5.308 -1.784 -0.153565 0.584212 -0.033144 0.428024 -0.180464 0.542591
3 16 -23.681 -4.660 0.000 -19.508 -4.206 0.000 -21.920 -3.646 -3.160 -0.874599 0.834256 -0.850966 0.761119 -0.922136 0.783374
3 16 -19.508 -4.206 0.000 -19.053 -3.856 -2.229 -21.920 -3.646 -3.160 -0.850966 0.761119 -0.887053 0.739403 -0.922136 0.783374
3 16 -13.938 -5.308 -9.763 -5.478 -5.308 -3.241 -3.246 -5.308 -5.619 -0.033144 0.428024 -0.153565 0.584212 -0.109670 0.625418
3 16 -13.938 -5.308 -2.407 -7.724 -5.308 -1.784 -13.938 -5.308 -9.763 -0.168940 0.428010 -0.180464 0.542591 -0.033144 0.428024
3 16 0.000 -8.310 -6.265 -3.246 -8.310 -5.619 0.000 -8.310 -9.814 -0.256527 0.009766 -0.268454 0.069679 -0.191015 0.009766
3 16 -3.246 -8.310 -5.619 -14.386 -8.310 -9.636 0.000 -8.310 -9.814 -0.268454 0.069679 -0.194340 0.275317 -0.191015 0.009766
3 16 -15.709 -0.720 -6.931 -16.977 -2.876 -4.354 -15.274 -2.890 -4.630 -0.962049 0.643397 -0.913351 0.688328 -0.904932 0.657600
3 16 -15.492 -1.289 -9.706 -15.709 -0.720 -6.931 -14.891 -4.402 -9.719 -0.830376 0.605812 -0.779252 0.617508 -0.829913 0.547279
3 16 -15.709 -0.720 -6.931 -15.274 -2.890 -4.630 -14.891 -4.402 -9.719 -0.779252 0.617508 -0.736306 0.577166 -0.829913 0.547279
3 16 -18.849 -5.002 -8.956 -20.893 -1.215 -8.477 -17.752 -0.092 -9.316 -0.835242 0.359051 -0.765654 0.398432 -0.744392 0.338556
3 16 -18.849 -5.002 -8.956 -15.492 -1.289 -9.706 -14.891 -4.402 -9.719 -0.835242 0.359051 -0.766220 0.296049 -0.823672 0.284717
3 16 -20.893 -1.215 -8.477 -18.849 -5.002 -8.956 -25.085 -3.820 -6.374 -0.765654 0.398432 -0.835242 0.359051 -0.815614 0.483998
3 16 22.950 -9.495 0.000 19.674 -8.614 0.000 23.002 -9.264 -6.426 -0.389369 0.436235 -0.389717 0.373412 -0.508139 0.436499
3 16 19.674 -8.614 0.000 19.674 -8.320 -8.419 23.002 -9.264 -6.426 -0.389717 0.373412 -0.545265 0.372903 -0.508139 0.436499
3 16 14.385 -8.306 0.000 7.719 -8.310 0.000 14.386 -8.310 -9.636 -0.389824 0.275280 -0.389825 0.152246 -0.567658 0.275317
3 16 7.719 -8.310 0.000 7.716 -8.310 -1.784 14.386 -8.310 -9.636 -0.389825 0.152246 -0.422757 0.152206 -0.567658 0.275317
3 16 20.893 -1.215 -8.477 25.085 -3.820 -6.374 18.849 -5.002 -8.956 -0.712651 0.398313 -0.662766 0.483922 -0.643028 0.358996
3 16 29.349 -8.047 0.000 29.948 -8.898 0.000 27.512 -5.806 -2.698 -0.417649 0.968271 -0.415429 0.987365 -0.374227 0.909485
3 16 29.948 -8.898 0.000 28.592 -7.210 -2.987 27.512 -5.806 -2.698 -0.415429 0.987365 -0.365206 0.941360 -0.374227 0.909485
3 16 27.512 -5.806 -2.698 28.592 -7.210 -2.987 24.676 -3.339 -4.934 -0.374227 0.909485 -0.365206 0.941360 -0.339749 0.836483
3 16 28.592 -7.210 -2.987 25.085 -3.820 -6.374 24.676 -3.339 -4.934 -0.365206 0.941360 -0.312132 0.845445 -0.339749 0.836483
3 16 24.676 -3.339 -4.934 25.085 -3.820 -6.374 20.578 -1.049 -6.831 -0.339749 0.836483 -0.312132 0.845445 -0.311389 0.747422
3 16 25.085 -3.820 -6.374 20.893 -1.215 -8.477 20.578 -1.049 -6.831 -0.312132 0.845445 -0.280587 0.751573 -0.311389 0.747422
3 16 20.578 -1.049 -6.831 20.893 -1.215 -8.477 17.559 0.000 -7.497 -0.311389 0.747422 -0.280587 0.751573 -0.303663 0.687657
3 16 20.893 -1.215 -8.477 17.752 -0.092 -9.316 17.559 0.000 -7.497 -0.280587 0.751573 -0.269878 0.688979 -0.303663 0.687657
3 16 26.448 -5.744 0.000 28.217 -7.008 0.000 26.604 -5.675 -1.509 -0.614218 0.861603 -0.626074 0.899693 -0.587744 0.871128
3 16 26.604 -5.675 -1.509 21.920 -3.646 -3.160 26.448 -5.744 0.000 -0.587744 0.871128 -0.534339 0.786678 -0.614218 0.861603
3 16 21.920 -3.646 -3.160 23.681 -4.660 0.000 26.448 -5.744 0.000 -0.534339 0.786678 -0.600363 0.808944 -0.614218 0.861603
3 16 21.920 -3.646 -3.160 24.676 -3.339 -4.934 20.578 -1.049 -6.831 -0.534339 0.786678 -0.508788 0.842012 -0.448751 0.771658
3 16 26.604 -5.675 -1.509 27.512 -5.806 -2.698 21.920 -3.646 -3.160 -0.587744 0.871128 -0.570632 0.892992 -0.534339 0.786678
3 16 27.512 -5.806 -2.698 24.676 -3.339 -4.934 21.920 -3.646 -3.160 -0.570632 0.892992 -0.508788 0.842012 -0.534339 0.786678
3 16 28.217 -7.008 0.000 29.349 -8.047 0.000 26.604 -5.675 -1.509 -0.626074 0.899693 -0.635308 0.926485 -0.587744 0.871128
3 16 29.349 -8.047 0.000 27.512 -5.806 -2.698 26.604 -5.675 -1.509 -0.635308 0.926485 -0.570632 0.892992 -0.587744 0.871128
3 16 17.559 0.000 -7.497 19.251 -3.502 -3.379 20.578 -1.049 -6.831 -0.420634 0.718595 -0.523187 0.737957 -0.448751 0.771658
3 16 19.251 -3.502 -3.379 21.920 -3.646 -3.160 20.578 -1.049 -6.831 -0.523187 0.737957 -0.534339 0.786678 -0.448751 0.771658
3 16 17.559 0.000 -7.497 17.752 -0.092 -9.316 16.563 -0.089 -7.419 -0.303663 0.687657 -0.269878 0.688979 -0.306231 0.669317
3 16 17.752 -0.092 -9.316 16.396 -0.257 -9.574 16.563 -0.089 -7.419 -0.269878 0.688979 -0.266630 0.663519 -0.306231 0.669317
3 16 16.563 -0.089 -7.419 16.396 -0.257 -9.574 15.709 -0.720 -6.931 -0.306231 0.669317 -0.266630 0.663519 -0.315964 0.650068
3 16 16.396 -0.257 -9.574 15.492 -1.289 -9.706 15.709 -0.720 -6.931 -0.266630 0.663519 -0.264898 0.638126 -0.315964 0.650068
3 16 19.251 -3.502 -3.379 16.563 -0.089 -7.419 16.942 -3.359 -3.098 -0.523187 0.737957 -0.420634 0.700119 -0.521047 0.694708
3 16 16.563 -0.089 -7.419 15.709 -0.720 -6.931 16.942 -3.359 -3.098 -0.420634 0.700119 -0.432688 0.682386 -0.521047 0.694708
3 16 18.849 -5.002 -8.956 16.396 -0.257 -9.574 17.752 -0.092 -9.316 -0.643028 0.358996 -0.730967 0.312903 -0.733858 0.338415
3 16 16.396 -0.257 -9.574 18.849 -5.002 -8.956 15.492 -1.289 -9.706 -0.730967 0.312903 -0.643028 0.358996 -0.711992 0.295928
3 16 14.363 -4.752 -9.719 18.849 -5.002 -8.956 13.957 -5.308 -9.763 -0.648071 0.275016 -0.643028 0.358996 -0.636163 0.267422
3 16 18.849 -5.002 -8.956 14.386 -8.310 -9.636 13.957 -5.308 -9.763 -0.643028 0.358996 -0.582389 0.275442 -0.636163 0.267422
3 16 13.957 -5.308 -9.763 0.000 -5.308 -9.814 3.246 -5.308 -5.619 -0.033153 0.942977 -0.032221 0.685333 -0.109671 0.745247
3 16 0.000 -5.308 -9.814 0.000 -5.308 -6.319 3.246 -5.308 -5.619 -0.032221 0.685333 -0.096754 0.685333 -0.109671 0.745247
3 16 0.000 -5.308 -9.814 13.957 -5.308 -9.763 0.000 -8.310 -9.814 -0.637606 0.009772 -0.636163 0.267422 -0.582420 0.009766
3 16 13.957 -5.308 -9.763 14.386 -8.310 -9.636 0.000 -8.310 -9.814 -0.636163 0.267422 -0.582389 0.275442 -0.582420 0.009766
3 16 25.822 -11.038 0.000 25.832 -11.016 -2.959 27.052 -11.867 0.000 -0.388845 0.496718 -0.443447 0.497087 -0.388602 0.524084
3 16 14.386 -8.310 -9.636 6.104 -8.310 -1.784 5.478 -8.310 -3.241 -0.567658 0.275317 -0.422757 0.122449 -0.449651 0.110881
3 16 29.948 -8.898 0.000 27.052 -11.867 0.000 28.592 -7.210 -2.987 -0.550442 0.621571 -0.488229 0.576978 -0.594313 0.569476
3 16 27.052 -11.867 0.000 25.832 -11.016 -2.959 28.592 -7.210 -2.987 -0.488229 0.576978 -0.519985 0.524741 -0.594313 0.569476
3 16 28.592 -7.210 -2.987 25.832 -11.016 -2.959 25.085 -3.820 -6.374 -0.594313 0.569476 -0.519985 0.524741 -0.662766 0.483922
3 16 25.832 -11.016 -2.959 23.002 -9.264 -6.426 25.085 -3.820 -6.374 -0.519985 0.524741 -0.561908 0.446622 -0.662766 0.483922
3 16 25.085 -3.820 -6.374 23.002 -9.264 -6.426 18.849 -5.002 -8.956 -0.662766 0.483922 -0.561908 0.446622 -0.643028 0.358996
3 16 23.002 -9.264 -6.426 19.674 -8.320 -8.419 18.849 -5.002 -8.956 -0.561908 0.446622 -0.581298 0.375528 -0.643028 0.358996
3 16 18.849 -5.002 -8.956 19.674 -8.320 -8.419 14.386 -8.310 -9.636 -0.643028 0.358996 -0.581298 0.375528 -0.582389 0.275442
3 16 14.363 -4.752 -9.719 13.957 -5.308 -9.763 13.957 -5.308 -2.407 -0.265586 0.570898 -0.264898 0.556794 -0.400677 0.558215
3 16 3.246 -5.308 -5.619 3.246 -8.310 -5.619 5.478 -5.308 -3.241 -0.990003 0.099249 -0.934586 0.099450 -0.989785 0.039044
3 16 3.246 -8.310 -5.619 5.478 -8.310 -3.241 5.478 -5.308 -3.241 -0.934586 0.099450 -0.934368 0.039245 -0.989785 0.039044
3 16 7.719 -5.308 -1.784 7.716 -8.310 -1.784 7.719 -5.308 0.000 -0.697664 0.009766 -0.697664 0.065184 -0.664728 0.009767
3 16 7.716 -8.310 -1.784 7.719 -8.310 0.000 7.719 -5.308 0.000 -0.697664 0.065184 -0.664729 0.065185 -0.664728 0.009767
3 16 0.000 -5.308 -6.319 0.000 -8.310 -6.265 3.246 -5.308 -5.619 -0.990234 0.160540 -0.934808 0.160540 -0.990003 0.099249
3 16 0.000 -8.310 -6.265 3.246 -8.310 -5.619 3.246 -5.308 -5.619 -0.934808 0.160540 -0.934586 0.099450 -0.990003 0.099249
3 16 5.478 -5.308 -3.241 5.478 -8.310 -3.241 6.104 -5.308 -1.784 -0.989785 0.039044 -0.934368 0.039245 -0.989679 0.009766
3 16 5.478 -8.310 -3.241 6.104 -8.310 -1.784 6.104 -5.308 -1.784 -0.934368 0.039245 -0.934261 0.009967 -0.989679 0.009766
3 16 6.104 -5.308 -1.784 6.104 -8.310 -1.784 7.719 -5.308 -1.784 -0.403687 0.009925 -0.403392 0.065342 -0.373635 0.009766
3 16 6.104 -8.310 -1.784 7.716 -8.310 -1.784 7.719 -5.308 -1.784 -0.403392 0.065342 -0.373635 0.065184 -0.373635 0.009766
3 16 13.957 -5.308 -2.407 7.719 -5.308 -1.784 13.957 -5.308 0.000 -0.168924 0.942928 -0.180464 0.828074 -0.213078 0.942870
3 16 7.719 -5.308 -1.784 7.719 -5.308 0.000 13.957 -5.308 0.000 -0.180464 0.828074 -0.213399 0.827800 -0.213078 0.942870
3 16 19.251 -3.502 -3.379 19.508 -4.240 0.000 21.920 -3.646 -3.160 -0.523187 0.737957 -0.586580 0.733736 -0.534339 0.786678
3 16 19.508 -4.240 0.000 23.681 -4.660 0.000 21.920 -3.646 -3.160 -0.586580 0.733736 -0.600363 0.808944 -0.534339 0.786678
3 16 5.478 -5.308 -3.241 13.957 -5.308 -9.763 3.246 -5.308 -5.619 -0.153567 0.786453 -0.033153 0.942977 -0.109671 0.745247
3 16 13.957 -5.308 -9.763 5.478 -5.308 -3.241 7.719 -5.308 -1.784 -0.033153 0.942977 -0.153567 0.786453 -0.180464 0.828074
3 16 5.478 -5.308 -3.241 6.104 -5.308 -1.784 7.719 -5.308 -1.784 -0.153567 0.786453 -0.180463 0.798022 -0.180464 0.828074
3 16 14.386 -8.310 -9.636 3.246 -8.310 -5.619 0.000 -8.310 -9.814 -0.567658 0.275317 -0.493544 0.069679 -0.570984 0.009766
3 16 3.246 -8.310 -5.619 0.000 -8.310 -6.265 0.000 -8.310 -9.814 -0.493544 0.069679 -0.505472 0.009766 -0.570984 0.009766
3 16 16.942 -3.359 -3.098 15.709 -0.720 -6.931 15.274 -2.890 -4.630 -0.521047 0.694708 -0.432688 0.682386 -0.489010 0.665954
3 16 15.274 -2.890 -4.630 15.709 -0.720 -6.931 14.363 -4.752 -9.719 -0.359174 0.610015 -0.315964 0.650068 -0.265586 0.570898
3 16 15.709 -0.720 -6.931 15.492 -1.289 -9.706 14.363 -4.752 -9.719 -0.315964 0.650068 -0.264898 0.638126 -0.265586 0.570898
3 16 20.893 -1.215 -8.477 18.849 -5.002 -8.956 17.752 -0.092 -9.316 -0.712651 0.398313 -0.643028 0.358996 -0.733858 0.338415
3 16 15.492 -1.289 -9.706 18.849 -5.002 -8.956 14.363 -4.752 -9.719 -0.711992 0.295928 -0.643028 0.358996 -0.648071 0.275016
3 16 16.942 -3.359 -3.098 16.899 -4.145 0.000 19.251 -3.502 -3.379 -0.521047 0.694708 -0.579942 0.686646 -0.523187 0.737957
3 16 16.899 -4.145 0.000 19.508 -4.240 0.000 19.251 -3.502 -3.379 -0.579942 0.686646 -0.586580 0.733736 -0.523187 0.737957
3 16 14.977 -3.852 -2.126 16.942 -3.359 -3.098 15.274 -2.890 -4.630 -0.537059 0.656056 -0.521047 0.694708 -0.489010 0.665954
3 16 14.977 -3.852 -2.126 14.871 -4.166 0.000 16.942 -3.359 -3.098 -0.537059 0.656056 -0.576147 0.649630 -0.521047 0.694708
3 16 14.871 -4.166 0.000 16.899 -4.145 0.000 16.942 -3.359 -3.098 -0.576147 0.649630 -0.579942 0.686646 -0.521047 0.694708
3 16 14.977 -3.852 -2.126 15.274 -2.890 -4.630 13.957 -5.308 -2.407 -0.405720 0.592283 -0.359174 0.610015 -0.400677 0.558215
3 16 15.274 -2.890 -4.630 14.363 -4.752 -9.719 13.957 -5.308 -2.407 -0.359174 0.610015 -0.265586 0.570898 -0.400677 0.558215
3 16 14.977 -3.852 -2.126 13.957 -5.308 -2.407 14.871 -4.166 0.000 -0.405720 0.592283 -0.400677 0.558215 -0.445022 0.586609
3 16 13.957 -5.308 -2.407 13.957 -5.308 0.000 14.871 -4.166 0.000 -0.400677 0.558215 -0.444818 0.559044 -0.445022 0.586609
3 16 19.251 -3.502 -3.379 17.559 0.000 -7.497 16.563 -0.089 -7.419 -0.523187 0.737957 -0.420634 0.718595 -0.420634 0.700119
3 16 -29.948 -8.898 0.000 -27.052 -11.867 0.000 -28.592 -7.210 2.987 0.071938 0.621548 0.009766 0.576900 0.115857 0.569493
3 16 -27.052 -11.867 0.000 -25.832 -11.016 2.959 -28.592 -7.210 2.987 0.009766 0.576900 0.041568 0.524691 0.115857 0.569493
3 16 -28.592 -7.210 2.987 -25.832 -11.016 2.959 -25.085 -3.820 6.374 0.115857 0.569493 0.041568 0.524691 0.184386 0.483998
3 16 -25.832 -11.016 2.959 -23.002 -9.264 6.426 -25.085 -3.820 6.374 0.041568 0.524691 0.083561 0.446609 0.184386 0.483998
3 16 -25.085 -3.820 6.374 -23.002 -9.264 6.426 -18.849 -5.002 8.956 0.184386 0.483998 0.083561 0.446609 0.164758 0.359051
3 16 -23.002 -9.264 6.426 -19.674 -8.320 8.419 -18.849 -5.002 8.956 0.083561 0.446609 0.103013 0.375532 0.164758 0.359051
3 16 -29.349 -8.047 0.000 -29.948 -8.898 0.000 -27.512 -5.806 2.698 0.323954 0.935221 0.321825 0.954325 0.280251 0.876643
3 16 -29.948 -8.898 0.000 -28.592 -7.210 2.987 -27.512 -5.806 2.698 0.321825 0.954325 0.271382 0.908561 0.280251 0.876643
3 16 -27.512 -5.806 2.698 -28.592 -7.210 2.987 -24.676 -3.339 4.934 0.280251 0.876643 0.271382 0.908561 0.245424 0.803807
3 16 -28.592 -7.210 2.987 -25.085 -3.820 6.374 -24.676 -3.339 4.934 0.271382 0.908561 0.217850 0.812902 0.245424 0.803807
3 16 -24.676 -3.339 4.934 -25.085 -3.820 6.374 -20.578 -1.049 6.831 0.245424 0.803807 0.217850 0.812902 0.216638 0.714883
3 16 -25.085 -3.820 6.374 -20.893 -1.215 8.477 -20.578 -1.049 6.831 0.217850 0.812902 0.185857 0.719182 0.216638 0.714883
3 16 -20.578 -1.049 6.831 -20.893 -1.215 8.477 -17.559 0.000 7.497 0.216638 0.714883 0.185857 0.719182 0.208626 0.655156
3 16 -20.893 -1.215 8.477 -17.752 -0.092 9.316 -17.559 0.000 7.497 0.185857 0.719182 0.174848 0.656640 0.208626 0.655156
3 16 -26.448 -5.744 0.000 -28.217 -7.008 0.000 -26.604 -5.675 1.509 0.112488 0.887194 0.104778 0.926338 0.084667 0.882976
3 16 -26.604 -5.675 1.509 -21.920 -3.646 3.160 -26.448 -5.744 0.000 0.084667 0.882976 0.077864 0.783374 0.112488 0.887194
3 16 -21.920 -3.646 3.160 -23.681 -4.660 0.000 -26.448 -5.744 0.000 0.077864 0.783374 0.125401 0.834256 0.112488 0.887194
3 16 -19.508 -4.206 0.000 -19.053 -3.856 2.229 -18.970 -4.826 0.000 0.890884 0.131475 0.859167 0.103204 0.900854 0.120065
3 16 -19.053 -3.856 2.229 -18.142 -4.826 1.812 -18.970 -4.826 0.000 0.859167 0.103204 0.880793 0.089233 0.900854 0.120065
3 16 -21.920 -3.646 3.160 -24.676 -3.339 4.934 -20.578 -1.049 6.831 0.077864 0.783374 0.029021 0.819785 0.009766 0.729263
3 16 -26.604 -5.675 1.509 -27.512 -5.806 2.698 -21.920 -3.646 3.160 0.084667 0.882976 0.059205 0.894055 0.077864 0.783374
3 16 -27.512 -5.806 2.698 -24.676 -3.339 4.934 -21.920 -3.646 3.160 0.059205 0.894055 0.029021 0.819785 0.077864 0.783374
3 16 -28.217 -7.008 0.000 -29.349 -8.047 0.000 -26.604 -5.675 1.509 0.104778 0.926338 0.100147 0.954294 0.084667 0.882976
3 16 -29.349 -8.047 0.000 -27.512 -5.806 2.698 -26.604 -5.675 1.509 0.100147 0.954294 0.059205 0.894055 0.084667 0.882976
3 16 -16.977 -2.876 4.354 -16.222 -4.826 2.596 -19.053 -3.856 2.229 0.828219 0.054459 0.878527 0.051023 0.859167 0.103204
3 16 -16.222 -4.826 2.596 -18.142 -4.826 1.812 -19.053 -3.856 2.229 0.878527 0.051023 0.880793 0.089233 0.859167 0.103204
3 16 -19.053 -3.856 2.229 -21.920 -3.646 3.160 -16.977 -2.876 4.354 0.112947 0.739403 0.077864 0.783374 0.086649 0.688328
3 16 -17.559 0.000 7.497 -16.977 -2.876 4.354 -20.578 -1.049 6.831 0.009766 0.669076 0.086649 0.688328 0.009766 0.729263
3 16 -16.977 -2.876 4.354 -21.920 -3.646 3.160 -20.578 -1.049 6.831 0.086649 0.688328 0.077864 0.783374 0.009766 0.729263
3 16 -17.559 0.000 7.497 -17.752 -0.092 9.316 -16.563 -0.089 7.419 0.208626 0.655156 0.174848 0.656640 0.211106 0.636804
3 16 -17.752 -0.092 9.316 -16.396 -0.257 9.574 -16.563 -0.089 7.419 0.174848 0.656640 0.171478 0.631196 0.211106 0.636804
3 16 -16.563 -0.089 7.419 -16.396 -0.257 9.574 -15.709 -0.720 6.931 0.211106 0.636804 0.171478 0.631196 0.220748 0.617508
3 16 -16.396 -0.257 9.574 -15.492 -1.289 9.706 -15.709 -0.720 6.931 0.171478 0.631196 0.169624 0.605812 0.220748 0.617508
3 16 -15.709 -0.720 6.931 -16.977 -2.876 4.354 -16.563 -0.089 7.419 0.037951 0.643397 0.086649 0.688328 0.018583 0.652814
3 16 -16.977 -2.876 4.354 -17.559 0.000 7.497 -16.563 -0.089 7.419 0.086649 0.688328 0.009766 0.669076 0.018583 0.652814
3 16 -16.977 -2.876 4.354 -15.274 -2.890 4.630 -16.222 -4.826 2.596 0.828219 0.054459 0.831644 0.022804 0.878527 0.051023
3 16 -15.274 -2.890 4.630 -14.697 -4.677 2.399 -16.222 -4.826 2.596 0.831644 0.022804 0.885480 0.023364 0.878527 0.051023
3 16 -14.697 -4.677 2.399 -15.274 -2.890 4.630 -14.891 -4.402 9.719 0.305293 0.542987 0.263694 0.577166 0.170087 0.547279
3 16 -14.374 -4.826 1.535 -16.232 -4.826 0.000 -14.697 -4.677 2.399 0.262963 0.009766 0.289887 0.045169 0.246491 0.014882
3 16 -16.232 -4.826 0.000 -16.222 -4.826 2.596 -14.697 -4.677 2.399 0.289887 0.045169 0.242012 0.043048 0.246491 0.014882
3 16 -14.373 -4.826 0.000 -16.232 -4.826 0.000 -14.374 -4.826 1.535 0.291276 0.010881 0.289887 0.045169 0.262963 0.009766
3 16 -14.373 -4.826 0.000 -14.374 -4.826 1.535 -13.938 -5.308 0.000 0.349818 0.537077 0.321483 0.537038 0.349846 0.523317
3 16 -14.374 -4.826 1.535 -13.938 -5.308 2.407 -13.938 -5.308 0.000 0.321483 0.537038 0.305407 0.523228 0.349846 0.523317
3 16 -18.849 -5.002 8.956 -16.396 -0.257 9.574 -17.752 -0.092 9.316 0.164758 0.359051 0.252740 0.313041 0.255608 0.338556
3 16 -16.396 -0.257 9.574 -18.849 -5.002 8.956 -15.492 -1.289 9.706 0.252740 0.313041 0.164758 0.359051 0.233780 0.296049
3 16 -14.891 -4.402 9.719 -18.849 -5.002 8.956 -13.938 -5.308 9.763 0.176328 0.284717 0.164758 0.359051 0.157347 0.267078
3 16 -18.849 -5.002 8.956 -14.386 -8.310 9.636 -13.938 -5.308 9.763 0.164758 0.359051 0.104199 0.275444 0.157347 0.267078
3 16 -13.938 -5.308 9.763 0.000 -5.308 9.814 -3.246 -5.308 5.619 0.966856 0.428024 0.967779 0.685333 0.890330 0.625418
3 16 0.000 -5.308 9.814 0.000 -5.308 6.319 -3.246 -5.308 5.619 0.967779 0.685333 0.903246 0.685333 0.890330 0.625418
3 16 0.000 -5.308 9.814 -13.938 -5.308 9.763 0.000 -8.310 9.814 0.159355 0.009766 0.157347 0.267078 0.104169 0.009772
3 16 -13.938 -5.308 9.763 -14.386 -8.310 9.636 0.000 -8.310 9.814 0.157347 0.267078 0.104199 0.275444 0.104169 0.009772
3 16 -25.819 -11.037 0.000 -25.832 -11.016 2.959 -27.052 -11.867 0.000 0.626847 0.496668 0.681449 0.497087 0.626603 0.524084
3 16 -14.386 -8.310 9.636 -7.724 -8.310 1.784 -6.104 -8.310 1.784 0.805660 0.275317 0.660759 0.152206 0.660758 0.122449
3 16 -18.849 -5.002 8.956 -19.674 -8.320 8.419 -14.386 -8.310 9.636 0.164758 0.359051 0.103013 0.375532 0.104199 0.275444
3 16 -16.222 -4.826 2.596 -16.232 -4.826 0.000 -18.142 -4.826 1.812 0.242012 0.043048 0.289887 0.045169 0.255030 0.079044
3 16 -16.232 -4.826 0.000 -17.671 -4.826 0.000 -18.142 -4.826 1.812 0.289887 0.045169 0.288810 0.071728 0.255030 0.079044
3 16 -17.671 -4.826 0.000 -18.970 -4.826 0.000 -18.142 -4.826 1.812 0.288810 0.071728 0.287839 0.095674 0.255030 0.079044
3 16 -13.938 -5.308 2.407 -14.374 -4.826 1.535 -14.697 -4.677 2.399 0.305407 0.523228 0.321483 0.537038 0.305293 0.542987
3 16 -13.938 -5.308 2.407 -14.697 -4.677 2.399 -13.938 -5.308 9.763 0.305407 0.523228 0.305293 0.542987 0.169624 0.521379
3 16 -14.697 -4.677 2.399 -14.891 -4.402 9.719 -13.938 -5.308 9.763 0.305293 0.542987 0.170087 0.547279 0.169624 0.521379
3 16 -3.246 -5.308 5.619 -3.246 -8.310 5.619 -5.478 -5.308 3.241 0.009997 0.221830 0.065414 0.221629 0.010215 0.282035
3 16 -3.246 -8.310 5.619 -5.478 -8.310 3.241 -5.478 -5.308 3.241 0.065414 0.221629 0.065632 0.281834 0.010215 0.282035
3 16 -7.724 -5.308 1.784 -7.724 -8.310 1.784 -7.724 -5.308 0.000 0.577711 0.009766 0.577711 0.065184 0.544775 0.009767
3 16 -7.724 -8.310 1.784 -7.724 -8.310 0.000 -7.724 -5.308 0.000 0.577711 0.065184 0.544777 0.065185 0.544775 0.009767
3 16 0.000 -5.308 6.319 0.000 -8.310 6.265 -3.246 -5.308 5.619 0.009766 0.160540 0.065192 0.160540 0.009997 0.221830
3 16 0.000 -8.310 6.265 -3.246 -8.310 5.619 -3.246 -5.308 5.619 0.065192 0.160540 0.065414 0.221629 0.009997 0.221830
3 16 -5.478 -5.308 3.241 -5.478 -8.310 3.241 -6.104 -5.308 1.784 0.010215 0.282035 0.065632 0.281834 0.010321 0.311314
3 16 -5.478 -8.310 3.241 -6.104 -8.310 1.784 -6.104 -5.308 1.784 0.065632 0.281834 0.065739 0.311112 0.010321 0.311314
3 16 -6.104 -5.308 1.784 -6.104 -8.310 1.784 -7.724 -5.308 1.784 0.650716 0.065183 0.651010 0.009766 0.680768 0.065342
3 16 -6.104 -8.310 1.784 -7.724 -8.310 1.784 -7.724 -5.308 1.784 0.651010 0.009766 0.680768 0.009924 0.680768 0.065342
3 16 -13.938 -5.308 2.407 -7.724 -5.308 1.784 -13.938 -5.308 0.000 0.831060 0.428010 0.819536 0.542591 0.786621 0.428002
3 16 -7.724 -5.308 1.784 -7.724 -5.308 0.000 -13.938 -5.308 0.000 0.819536 0.542591 0.786601 0.542862 0.786621 0.428002
3 16 -19.053 -3.856 2.229 -19.508 -4.206 0.000 -21.920 -3.646 3.160 0.112947 0.739403 0.149034 0.761119 0.077864 0.783374
3 16 -19.508 -4.206 0.000 -23.681 -4.660 0.000 -21.920 -3.646 3.160 0.149034 0.761119 0.125401 0.834256 0.077864 0.783374
3 16 -5.478 -5.308 3.241 -13.938 -5.308 9.763 -3.246 -5.308 5.619 0.846435 0.584212 0.966856 0.428024 0.890330 0.625418
3 16 -13.938 -5.308 9.763 -5.478 -5.308 3.241 -7.724 -5.308 1.784 0.966856 0.428024 0.846435 0.584212 0.819536 0.542591
3 16 -5.478 -5.308 3.241 -6.104 -5.308 1.784 -7.724 -5.308 1.784 0.846435 0.584212 0.819539 0.572644 0.819536 0.542591
3 16 -14.386 -8.310 9.636 -3.246 -8.310 5.619 0.000 -8.310 9.814 0.805660 0.275317 0.731546 0.069679 0.808985 0.009766
3 16 -3.246 -8.310 5.619 0.000 -8.310 6.265 0.000 -8.310 9.814 0.731546 0.069679 0.743473 0.009766 0.808985 0.009766
3 16 -16.977 -2.876 4.354 -15.709 -0.720 6.931 -15.274 -2.890 4.630 0.086649 0.688328 0.037951 0.643397 0.095068 0.657600
3 16 -15.274 -2.890 4.630 -15.709 -0.720 6.931 -14.891 -4.402 9.719 0.263694 0.577166 0.220748 0.617508 0.170087 0.547279
3 16 -15.709 -0.720 6.931 -15.492 -1.289 9.706 -14.891 -4.402 9.719 0.220748 0.617508 0.169624 0.605812 0.170087 0.547279
3 16 -20.893 -1.215 8.477 -18.849 -5.002 8.956 -17.752 -0.092 9.316 0.234346 0.398432 0.164758 0.359051 0.255608 0.338556
3 16 -15.492 -1.289 9.706 -18.849 -5.002 8.956 -14.891 -4.402 9.719 0.233780 0.296049 0.164758 0.359051 0.176328 0.284717
3 16 -18.849 -5.002 8.956 -20.893 -1.215 8.477 -25.085 -3.820 6.374 0.164758 0.359051 0.234346 0.398432 0.184386 0.483998
3 16 25.085 -3.820 6.374 20.893 -1.215 8.477 18.849 -5.002 8.956 0.337234 0.483922 0.287349 0.398313 0.356972 0.358996
3 16 28.592 -7.210 2.987 29.948 -8.898 0.000 27.512 -5.806 2.698 0.634794 0.941360 0.584571 0.987365 0.625773 0.909485
3 16 29.948 -8.898 0.000 29.349 -8.047 0.000 27.512 -5.806 2.698 0.584571 0.987365 0.582351 0.968271 0.625773 0.909485
3 16 25.085 -3.820 6.374 28.592 -7.210 2.987 24.676 -3.339 4.934 0.687868 0.845445 0.634794 0.941360 0.660251 0.836483
3 16 28.592 -7.210 2.987 27.512 -5.806 2.698 24.676 -3.339 4.934 0.634794 0.941360 0.625773 0.909485 0.660251 0.836483
3 16 20.893 -1.215 8.477 25.085 -3.820 6.374 20.578 -1.049 6.831 0.719413 0.751573 0.687868 0.845445 0.688611 0.747422
3 16 25.085 -3.820 6.374 24.676 -3.339 4.934 20.578 -1.049 6.831 0.687868 0.845445 0.660251 0.836483 0.688611 0.747422
3 16 17.752 -0.092 9.316 20.893 -1.215 8.477 17.559 0.000 7.497 0.730122 0.688979 0.719413 0.751573 0.696337 0.687657
3 16 20.893 -1.215 8.477 20.578 -1.049 6.831 17.559 0.000 7.497 0.719413 0.751573 0.688611 0.747422 0.696337 0.687657
3 16 28.217 -7.008 0.000 26.448 -5.744 0.000 26.604 -5.675 1.509 0.373926 0.899693 0.385782 0.861603 0.412256 0.871128
3 16 23.681 -4.660 0.000 21.920 -3.646 3.160 26.448 -5.744 0.000 0.399637 0.808944 0.465661 0.786678 0.385782 0.861603
3 16 21.920 -3.646 3.160 26.604 -5.675 1.509 26.448 -5.744 0.000 0.465661 0.786678 0.412256 0.871128 0.385782 0.861603
3 16 24.676 -3.339 4.934 21.920 -3.646 3.160 20.578 -1.049 6.831 0.491212 0.842012 0.465661 0.786678 0.551249 0.771658
3 16 24.676 -3.339 4.934 27.512 -5.806 2.698 21.920 -3.646 3.160 0.491212 0.842012 0.429368 0.892992 0.465661 0.786678
3 16 27.512 -5.806 2.698 26.604 -5.675 1.509 21.920 -3.646 3.160 0.429368 0.892992 0.412256 0.871128 0.465661 0.786678
3 16 27.512 -5.806 2.698 29.349 -8.047 0.000 26.604 -5.675 1.509 0.429368 0.892992 0.364692 0.926485 0.412256 0.871128
3 16 29.349 -8.047 0.000 28.217 -7.008 0.000 26.604 -5.675 1.509 0.364692 0.926485 0.373926 0.899693 0.412256 0.871128
3 16 21.920 -3.646 3.160 19.251 -3.502 3.379 20.578 -1.049 6.831 0.465661 0.786678 0.476813 0.737957 0.551249 0.771658
3 16 19.251 -3.502 3.379 17.559 0.000 7.497 20.578 -1.049 6.831 0.476813 0.737957 0.579366 0.718595 0.551249 0.771658
3 16 16.396 -0.257 9.574 17.752 -0.092 9.316 16.563 -0.089 7.419 0.733370 0.663519 0.730122 0.688979 0.693769 0.669317
3 16 17.752 -0.092 9.316 17.559 0.000 7.497 16.563 -0.089 7.419 0.730122 0.688979 0.696337 0.687657 0.693769 0.669317
3 16 15.492 -1.289 9.706 16.396 -0.257 9.574 15.709 -0.720 6.931 0.735102 0.638126 0.733370 0.663519 0.684036 0.650068
3 16 16.396 -0.257 9.574 16.563 -0.089 7.419 15.709 -0.720 6.931 0.733370 0.663519 0.693769 0.669317 0.684036 0.650068
3 16 15.709 -0.720 6.931 16.563 -0.089 7.419 16.942 -3.359 3.098 0.567312 0.682386 0.579366 0.700119 0.478953 0.694708
3 16 16.563 -0.089 7.419 19.251 -3.502 3.379 16.942 -3.359 3.098 0.579366 0.700119 0.476813 0.737957 0.478953 0.694708
3 16 16.396 -0.257 9.574 18.849 -5.002 8.956 17.752 -0.092 9.316 0.269033 0.312903 0.356972 0.358996 0.266142 0.338415
3 16 18.849 -5.002 8.956 16.396 -0.257 9.574 15.492 -1.289 9.706 0.356972 0.358996 0.269033 0.312903 0.288008 0.295928
3 16 14.386 -8.310 9.636 18.849 -5.002 8.956 13.957 -5.308 9.763 0.417611 0.275442 0.356972 0.358996 0.363837 0.267422
3 16 18.849 -5.002 8.956 14.363 -4.752 9.719 13.957 -5.308 9.763 0.356972 0.358996 0.351929 0.275016 0.363837 0.267422
3 16 0.000 -5.308 6.319 0.000 -5.308 9.814 3.246 -5.308 5.619 0.903246 0.685333 0.967779 0.685333 0.890329 0.745247
3 16 0.000 -5.308 9.814 13.957 -5.308 9.763 3.246 -5.308 5.619 0.967779 0.685333 0.966847 0.942977 0.890329 0.745247
3 16 14.386 -8.310 9.636 13.957 -5.308 9.763 0.000 -8.310 9.814 0.417611 0.275442 0.363837 0.267422 0.417581 0.009766
3 16 13.957 -5.308 9.763 0.000 -5.308 9.814 0.000 -8.310 9.814 0.363837 0.267422 0.362394 0.009772 0.417581 0.009766
3 16 25.832 -11.016 2.959 25.822 -11.038 0.000 27.052 -11.867 0.000 0.556553 0.497087 0.611155 0.496718 0.611398 0.524084
3 16 19.674 -8.320 8.419 19.674 -8.614 0.000 23.002 -9.264 6.426 0.454735 0.372903 0.610283 0.373412 0.491861 0.436499
3 16 19.674 -8.614 0.000 22.950 -9.495 0.000 23.002 -9.264 6.426 0.610283 0.373412 0.610631 0.436235 0.491861 0.436499
3 16 25.832 -11.016 2.959 27.052 -11.867 0.000 28.592 -7.210 2.987 0.480015 0.524741 0.511771 0.576978 0.405687 0.569476
3 16 27.052 -11.867 0.000 29.948 -8.898 0.000 28.592 -7.210 2.987 0.511771 0.576978 0.449558 0.621571 0.405687 0.569476
3 16 23.002 -9.264 6.426 25.832 -11.016 2.959 25.085 -3.820 6.374 0.438092 0.446622 0.480015 0.524741 0.337234 0.483922
3 16 25.832 -11.016 2.959 28.592 -7.210 2.987 25.085 -3.820 6.374 0.480015 0.524741 0.405687 0.569476 0.337234 0.483922
3 16 19.674 -8.320 8.419 23.002 -9.264 6.426 18.849 -5.002 8.956 0.418702 0.375528 0.438092 0.446622 0.356972 0.358996
3 16 23.002 -9.264 6.426 25.085 -3.820 6.374 18.849 -5.002 8.956 0.438092 0.446622 0.337234 0.483922 0.356972 0.358996
3 16 19.674 -8.320 8.419 18.849 -5.002 8.956 14.386 -8.310 9.636 0.418702 0.375528 0.356972 0.358996 0.417611 0.275442
3 16 13.957 -5.308 9.763 14.363 -4.752 9.719 13.957 -5.308 2.407 0.735102 0.556794 0.734414 0.570898 0.599384 0.558356
3 16 5.478 -5.308 3.241 5.478 -8.310 3.241 3.246 -5.308 5.619 0.010215 0.039044 0.065632 0.039245 0.009997 0.099249
3 16 5.478 -8.310 3.241 3.246 -8.310 5.619 3.246 -5.308 5.619 0.065632 0.039245 0.065414 0.099450 0.009997 0.099249
3 16 14.386 -8.310 9.636 3.246 -8.310 5.619 5.478 -8.310 3.241 0.432342 0.275317 0.506456 0.069679 0.550349 0.110881
3 16 7.716 -8.310 1.784 7.719 -8.310 0.000 14.386 -8.310 9.636 0.577243 0.152206 0.610175 0.152246 0.432342 0.275317
3 16 7.719 -8.310 0.000 14.385 -8.306 0.000 14.386 -8.310 9.636 0.610175 0.152246 0.610176 0.275280 0.432342 0.275317
3 16 7.719 -5.308 0.000 7.719 -8.310 0.000 7.719 -5.308 1.784 0.335272 0.009767 0.335271 0.065185 0.302336 0.009766
3 16 7.719 -8.310 0.000 7.716 -8.310 1.784 7.719 -5.308 1.784 0.335271 0.065185 0.302336 0.065184 0.302336 0.009766
3 16 3.246 -5.308 5.619 3.246 -8.310 5.619 0.000 -5.308 6.319 0.009997 0.099249 0.065414 0.099450 0.009766 0.160540
3 16 3.246 -8.310 5.619 0.000 -8.310 6.265 0.000 -5.308 6.319 0.065414 0.099450 0.065192 0.160540 0.009766 0.160540
3 16 6.104 -5.308 1.784 6.104 -8.310 1.784 5.478 -5.308 3.241 0.010321 0.009766 0.065739 0.009967 0.010215 0.039044
3 16 6.104 -8.310 1.784 5.478 -8.310 3.241 5.478 -5.308 3.241 0.065739 0.009967 0.065632 0.039245 0.010215 0.039044
3 16 7.719 -5.308 1.784 7.716 -8.310 1.784 6.104 -5.308 1.784 0.626365 0.009766 0.626365 0.065184 0.596313 0.009925
3 16 7.716 -8.310 1.784 6.104 -8.310 1.784 6.104 -5.308 1.784 0.626365 0.065184 0.596608 0.065342 0.596313 0.009925
3 16 7.719 -5.308 0.000 7.719 -5.308 1.784 13.957 -5.308 0.000 0.786601 0.827800 0.819536 0.828074 0.786917 0.942880
3 16 7.719 -5.308 1.784 13.957 -5.308 2.407 13.957 -5.308 0.000 0.819536 0.828074 0.831177 0.942893 0.786917 0.942880
3 16 6.104 -5.308 1.784 5.478 -5.308 3.241 7.719 -5.308 1.784 0.819537 0.798022 0.846433 0.786453 0.819536 0.828074
3 16 5.478 -5.308 3.241 13.957 -5.308 9.763 7.719 -5.308 1.784 0.846433 0.786453 0.966847 0.942977 0.819536 0.828074
3 16 23.681 -4.660 0.000 19.508 -4.240 0.000 21.920 -3.646 3.160 0.399637 0.808944 0.413420 0.733736 0.465661 0.786678
3 16 19.508 -4.240 0.000 19.251 -3.502 3.379 21.920 -3.646 3.160 0.413420 0.733736 0.476813 0.737957 0.465661 0.786678
3 16 13.957 -5.308 9.763 5.478 -5.308 3.241 3.246 -5.308 5.619 0.966847 0.942977 0.846433 0.786453 0.890329 0.745247
3 16 13.957 -5.308 2.407 7.719 -5.308 1.784 13.957 -5.308 9.763 0.831177 0.942893 0.819536 0.828074 0.966847 0.942977
3 16 0.000 -8.310 6.265 3.246 -8.310 5.619 0.000 -8.310 9.814 0.494528 0.009766 0.506456 0.069679 0.429016 0.009766
3 16 3.246 -8.310 5.619 14.386 -8.310 9.636 0.000 -8.310 9.814 0.506456 0.069679 0.432342 0.275317 0.429016 0.009766
3 16 15.709 -0.720 6.931 16.942 -3.359 3.098 15.274 -2.890 4.630 0.567312 0.682386 0.478953 0.694708 0.510990 0.665954
3 16 15.492 -1.289 9.706 15.709 -0.720 6.931 14.363 -4.752 9.719 0.735102 0.638126 0.684036 0.650068 0.734414 0.570898
3 16 15.709 -0.720 6.931 15.274 -2.890 4.630 14.363 -4.752 9.719 0.684036 0.650068 0.640826 0.610015 0.734414 0.570898
3 16 18.849 -5.002 8.956 20.893 -1.215 8.477 17.752 -0.092 9.316 0.356972 0.358996 0.287349 0.398313 0.266142 0.338415
3 16 18.849 -5.002 8.956 15.492 -1.289 9.706 14.363 -4.752 9.719 0.356972 0.358996 0.288008 0.295928 0.351929 0.275016
3 16 19.508 -4.240 0.000 16.899 -4.145 0.000 19.251 -3.502 3.379 0.413420 0.733736 0.420058 0.686646 0.476813 0.737957
3 16 16.899 -4.145 0.000 16.942 -3.359 3.098 19.251 -3.502 3.379 0.420058 0.686646 0.478953 0.694708 0.476813 0.737957
3 16 16.942 -3.359 3.098 14.977 -3.852 2.126 15.274 -2.890 4.630 0.478953 0.694708 0.462941 0.656056 0.510990 0.665954
3 16 16.899 -4.145 0.000 14.871 -4.166 0.000 16.942 -3.359 3.098 0.420058 0.686646 0.423853 0.649630 0.478953 0.694708
3 16 14.871 -4.166 0.000 14.977 -3.852 2.126 16.942 -3.359 3.098 0.423853 0.649630 0.462941 0.656056 0.478953 0.694708
3 16 14.363 -4.752 9.719 15.274 -2.890 4.630 13.957 -5.308 2.407 0.734414 0.570898 0.640826 0.610015 0.599384 0.558356
3 16 15.274 -2.890 4.630 14.977 -3.852 2.126 13.957 -5.308 2.407 0.640826 0.610015 0.594280 0.592283 0.599384 0.558356
3 16 13.957 -5.308 0.000 13.957 -5.308 2.407 14.871 -4.166 0.000 0.555073 0.558771 0.599384 0.558356 0.554978 0.586609
3 16 13.957 -5.308 2.407 14.977 -3.852 2.126 14.871 -4.166 0.000 0.599384 0.558356 0.594280 0.592283 0.554978 0.586609
3 16 17.559 0.000 7.497 19.251 -3.502 3.379 16.563 -0.089 7.419 0.579366 0.718595 0.476813 0.737957 0.579366 0.700119
3 16 -7.724 -5.308 1.784 -13.938 -5.308 2.407 -13.938 -5.308 9.763 0.819536 0.542591 0.831060 0.428010 0.966856 0.428024
3 16 7.719 -5.308 -1.784 13.957 -5.308 -2.407 13.957 -5.308 -9.763 -0.180464 0.828074 -0.168924 0.942928 -0.033153 0.942977
3 16 25.822 -11.038 0.000 22.950 -9.495 0.000 25.832 -11.016 -2.959 -0.388845 0.496718 -0.389369 0.436235 -0.443447 0.497087
3 16 22.950 -9.495 0.000 23.002 -9.264 -6.426 25.832 -11.016 -2.959 -0.389369 0.436235 -0.508139 0.436499 -0.443447 0.497087
3 16 23.002 -9.264 6.426 22.950 -9.495 0.000 25.832 -11.016 2.959 0.491861 0.436499 0.610631 0.436235 0.556553 0.497087
3 16 22.950 -9.495 0.000 25.822 -11.038 0.000 25.832 -11.016 2.959 0.610631 0.436235 0.611155 0.496718 0.556553 0.497087
3 16 19.674 -8.614 0.000 14.385 -8.306 0.000 19.674 -8.320 -8.419 -0.389717 0.373412 -0.389824 0.275280 -0.545265 0.372903
3 16 14.385 -8.306 0.000 14.386 -8.310 -9.636 19.674 -8.320 -8.419 -0.389824 0.275280 -0.567658 0.275317 -0.545265 0.372903
3 16 14.386 -8.310 9.636 14.385 -8.306 0.000 19.674 -8.320 8.419 0.432342 0.275317 0.610176 0.275280 0.454735 0.372903
3 16 14.385 -8.306 0.000 19.674 -8.614 0.000 19.674 -8.320 8.419 0.610176 0.275280 0.610283 0.373412 0.454735 0.372903
3 16 -25.819 -11.037 0.000 -22.928 -9.486 0.000 -25.832 -11.016 2.959 0.626847 0.496668 0.627375 0.435793 0.681449 0.497087
3 16 -22.928 -9.486 0.000 -23.002 -9.264 6.426 -25.832 -11.016 2.959 0.627375 0.435793 0.746141 0.436499 0.681449 0.497087
3 16 -22.928 -9.486 0.000 -19.546 -8.591 0.000 -23.002 -9.264 6.426 0.627375 0.435793 0.627727 0.371009 0.746141 0.436499
3 16 -19.546 -8.591 0.000 -19.674 -8.320 8.419 -23.002 -9.264 6.426 0.627727 0.371009 0.783267 0.372903 0.746141 0.436499
3 16 -19.546 -8.591 0.000 -14.386 -8.306 0.000 -19.674 -8.320 8.419 0.627727 0.371009 0.627825 0.275302 0.783267 0.372903
3 16 -14.386 -8.306 0.000 -14.386 -8.310 9.636 -19.674 -8.320 8.419 0.627825 0.275302 0.805660 0.275317 0.783267 0.372903
3 16 -14.386 -8.306 0.000 -7.724 -8.310 0.000 -14.386 -8.310 9.636 0.627825 0.275302 0.627826 0.152246 0.805660 0.275317
3 16 -7.724 -8.310 0.000 -7.724 -8.310 1.784 -14.386 -8.310 9.636 0.627826 0.152246 0.660759 0.152206 0.805660 0.275317
3 16 3.246 -8.310 -5.619 14.386 -8.310 -9.636 5.478 -8.310 -3.241 -0.493544 0.069679 -0.567658 0.275317 -0.449651 0.110881
3 16 14.386 -8.310 -9.636 7.716 -8.310 -1.784 6.104 -8.310 -1.784 -0.567658 0.275317 -0.422757 0.152206 -0.422757 0.122449
3 16 -6.104 -8.310 -1.784 -7.724 -8.310 -1.784 -14.386 -8.310 -9.636 -0.339242 0.122449 -0.339241 0.152206 -0.194340 0.275317
3 16 -6.104 -8.310 -1.784 -14.386 -8.310 -9.636 -5.478 -8.310 -3.241 -0.339242 0.122449 -0.194340 0.275317 -0.312348 0.110881
3 16 -3.246 -8.310 5.619 -14.386 -8.310 9.636 -5.478 -8.310 3.241 0.731546 0.069679 0.805660 0.275317 0.687652 0.110881
3 16 -14.386 -8.310 9.636 -6.104 -8.310 1.784 -5.478 -8.310 3.241 0.805660 0.275317 0.660758 0.122449 0.687652 0.110881
3 16 6.104 -8.310 1.784 7.716 -8.310 1.784 14.386 -8.310 9.636 0.577243 0.122449 0.577243 0.152206 0.432342 0.275317
3 16 6.104 -8.310 1.784 14.386 -8.310 9.636 5.478 -8.310 3.241 0.577243 0.122449 0.432342 0.275317 0.550349 0.110881
2 24 -25.832 -11.016 -2.959 -27.052 -11.867 0.000
2 24 -23.002 -9.264 6.426 -25.832 -11.016 2.959
2 24 -28.592 -7.210 -2.987 -29.948 -8.898 0.000
2 24 -19.053 -3.856 -2.229 -19.508 -4.206 0.000
2 24 -14.374 -4.826 -1.535 -14.374 -4.826 1.535
2 24 -13.938 -5.308 -2.407 -13.938 -5.308 2.407
2 24 0.000 -8.310 9.814 -14.386 -8.310 9.636
2 24 -27.052 -11.867 0.000 -29.948 -8.898 0.000
2 24 -28.592 -7.210 2.987 -29.948 -8.898 0.000
2 24 -23.002 -9.264 -6.426 -25.832 -11.016 -2.959
2 24 -6.104 -5.308 -1.784 -6.104 -8.310 -1.784
2 24 -3.246 -8.310 -5.619 -5.478 -8.310 -3.241
2 24 -5.478 -5.308 -3.241 -6.104 -5.308 -1.784
2 24 -25.085 -3.820 -6.374 -28.592 -7.210 -2.987
2 24 29.948 -8.898 0.000 27.052 -11.867 0.000
2 24 5.478 -5.308 3.241 3.246 -5.308 5.619
2 24 6.104 -8.310 1.784 5.478 -8.310 3.241
2 24 20.893 -1.215 8.477 17.752 -0.092 9.316
2 24 -19.674 -8.320 -8.419 -23.002 -9.264 -6.426
2 24 -7.724 -5.308 -1.784 -7.724 -8.310 -1.784
2 24 -17.559 0.000 7.497 -20.578 -1.049 6.831
2 24 23.002 -9.264 6.426 19.674 -8.320 8.419
2 24 7.719 -5.308 1.784 7.716 -8.310 1.784
2 24 7.716 -8.310 1.784 6.104 -8.310 1.784
2 24 -6.104 -8.310 1.784 -7.724 -8.310 1.784
2 24 3.246 -5.308 5.619 0.000 -5.308 6.319
2 24 -15.709 -0.720 -6.931 -16.563 -0.089 -7.419
2 24 -15.709 -0.720 6.931 -16.563 -0.089 7.419
2 24 0.000 -5.308 6.319 -3.246 -5.308 5.619
2 24 -5.478 -5.308 3.241 -6.104 -5.308 1.784
2 24 17.752 -0.092 9.316 16.396 -0.257 9.574
2 24 14.363 -4.752 9.719 13.957 -5.308 9.763
2 24 -5.478 -8.310 -3.241 -6.104 -8.310 -1.784
2 24 -14.891 -4.402 -9.719 -15.492 -1.289 -9.706
2 24 0.000 -5.308 -6.319 -3.246 -5.308 -5.619
2 24 7.716 -8.310 -1.784 7.716 -8.310 1.784
2 24 3.246 -8.310 -5.619 0.000 -8.310 -6.265
2 24 6.104 -5.308 1.784 6.104 -8.310 1.784
2 24 -24.676 -3.339 -4.934 -27.512 -5.806 -2.698
2 24 25.832 -11.016 2.959 23.002 -9.264 6.426
2 24 6.104 -5.308 1.784 5.478 -5.308 3.241
2 24 -20.893 -1.215 -8.477 -25.085 -3.820 -6.374
2 24 7.719 -5.308 -1.784 7.716 -8.310 -1.784
2 24 25.085 -3.820 6.374 20.893 -1.215 8.477
2 24 -15.274 -2.890 -4.630 -15.709 -0.720 -6.931
2 24 -15.274 -2.890 4.630 -15.709 -0.720 6.931
2 24 0.000 -5.308 -9.814 -13.938 -5.308 -9.763
2 24 13.957 -5.308 -9.763 0.000 -5.308 -9.814
2 24 5.478 -5.308 -3.241 3.246 -5.308 -5.619
2 24 6.104 -5.308 -1.784 5.478 -5.308 -3.241
2 24 -16.563 -0.089 -7.419 -17.559 0.000 -7.497
2 24 15.709 -0.720 -6.931 15.274 -2.890 -4.630
2 24 -17.752 -0.092 -9.316 -20.893 -1.215 -8.477
2 24 28.592 -7.210 2.987 25.085 -3.820 6.374
2 24 27.512 -5.806 2.698 24.676 -3.339 4.934
2 24 -7.724 -8.310 -1.784 -7.724 -8.310 1.784
2 24 -16.396 -0.257 9.574 -17.752 -0.092 9.316
2 24 -3.246 -8.310 5.619 -5.478 -8.310 3.241
2 24 -16.222 -4.826 2.596 -18.142 -4.826 1.812
2 24 0.000 -5.308 9.814 -13.938 -5.308 9.763
2 24 0.000 -8.310 6.265 -3.246 -8.310 5.619
2 24 -5.478 -8.310 3.241 -6.104 -8.310 1.784
2 24 13.957 -5.308 9.763 0.000 -5.308 9.814
2 24 -17.559 0.000 -7.497 -20.578 -1.049 -6.831
2 24 -16.396 -0.257 -9.574 -17.752 -0.092 -9.316
2 24 14.363 -4.752 -9.719 13.957 -5.308 -9.763
2 24 15.709 -0.720 6.931 15.274 -2.890 4.630
2 24 13.957 -5.308 -9.763 13.957 -5.308 9.763
2 24 0.000 -8.310 -6.265 -3.246 -8.310 -5.619
2 24 0.000 -8.310 -9.814 -14.386 -8.310 -9.636
2 24 -14.386 -8.310 -9.636 -19.674 -8.320 -8.419
2 24 -16.222 -4.826 -2.596 -18.142 -4.826 -1.812
2 24 -14.386 -8.310 9.636 -19.674 -8.320 8.419
2 24 -19.053 -3.856 2.229 -19.508 -4.206 0.000
2 24 -24.676 -3.339 4.934 -27.512 -5.806 2.698
2 24 -6.104 -5.308 1.784 -6.104 -8.310 1.784
2 24 3.246 -8.310 5.619 0.000 -8.310 6.265
2 24 -14.697 -4.677 2.399 -15.274 -2.890 4.630
2 24 27.052 -11.867 0.000 25.832 -11.016 2.959
2 24 -16.563 -0.089 7.419 -17.559 0.000 7.497
2 24 7.719 -5.308 1.784 6.104 -5.308 1.784
2 24 -6.104 -5.308 1.784 -7.724 -5.308 1.784
2 24 15.492 -1.289 9.706 14.363 -4.752 9.719
2 24 7.719 -5.308 -1.784 6.104 -5.308 -1.784
2 24 -6.104 -5.308 -1.784 -7.724 -5.308 -1.784
2 24 -7.724 -5.308 -1.784 -7.724 -5.308 1.784
2 24 -3.246 -5.308 5.619 -5.478 -5.308 3.241
2 24 -17.752 -0.092 9.316 -20.893 -1.215 8.477
2 24 -7.724 -5.308 1.784 -7.724 -8.310 1.784
2 24 -15.492 -1.289 -9.706 -16.396 -0.257 -9.574
2 24 -3.246 -5.308 -5.619 -5.478 -5.308 -3.241
2 24 -14.697 -4.677 -2.399 -15.274 -2.890 -4.630
2 24 -20.893 -1.215 8.477 -25.085 -3.820 6.374
2 24 3.246 -5.308 -5.619 0.000 -5.308 -6.319
2 24 7.719 -5.308 -1.784 7.719 -5.308 1.784
2 24 6.104 -5.308 -1.784 6.104 -8.310 -1.784
2 24 14.386 -8.310 9.636 0.000 -8.310 9.814
2 24 19.674 -8.320 8.419 14.386 -8.310 9.636
2 24 14.386 -8.310 -9.636 0.000 -8.310 -9.814
2 24 6.104 -8.310 -1.784 5.478 -8.310 -3.241
2 24 5.478 -8.310 -3.241 3.246 -8.310 -5.619
2 24 -13.938 -5.308 -9.763 -14.891 -4.402 -9.719
2 24 7.716 -8.310 -1.784 6.104 -8.310 -1.784
2 24 -6.104 -8.310 -1.784 -7.724 -8.310 -1.784
2 24 -14.891 -4.402 9.719 -15.492 -1.289 9.706
2 24 16.396 -0.257 9.574 15.492 -1.289 9.706
2 24 5.478 -8.310 3.241 3.246 -8.310 5.619
2 24 15.492 -1.289 -9.706 14.363 -4.752 -9.719
2 24 14.977 -3.852 2.126 14.871 -4.166 0.000
2 24 23.002 -9.264 -6.426 19.674 -8.320 -8.419
2 24 25.085 -3.820 -6.374 20.893 -1.215 -8.477
2 24 17.752 -0.092 -9.316 16.396 -0.257 -9.574
2 24 29.948 -8.898 0.000 28.592 -7.210 2.987
2 24 15.274 -2.890 4.630 14.977 -3.852 2.126
2 24 28.592 -7.210 -2.987 25.085 -3.820 -6.374
2 24 25.832 -11.016 -2.959 23.002 -9.264 -6.426
2 24 27.052 -11.867 0.000 25.832 -11.016 -2.959
2 24 29.948 -8.898 0.000 28.592 -7.210 -2.987
2 24 27.512 -5.806 -2.698 24.676 -3.339 -4.934
2 24 20.893 -1.215 -8.477 17.752 -0.092 -9.316
2 24 19.674 -8.320 -8.419 14.386 -8.310 -9.636
2 24 15.274 -2.890 -4.630 14.977 -3.852 -2.126
2 24 16.396 -0.257 -9.574 15.492 -1.289 -9.706
2 24 14.977 -3.852 -2.126 14.871 -4.166 0.000
2 24 -25.832 -11.016 2.959 -27.052 -11.867 0.000
2 24 -25.085 -3.820 6.374 -28.592 -7.210 2.987
2 24 -19.674 -8.320 8.419 -23.002 -9.264 6.426
2 24 -15.492 -1.289 9.706 -16.396 -0.257 9.574
2 24 -13.938 -5.308 9.763 -14.891 -4.402 9.719
