0 FILE bl_66897.dat
0 WHEEL BEARING 1X2X1/3 W/ MINI SNAP
0 Name:  bl_66897.dat
0 Author:  
0 BFC CERTIFY CCW
3 16 1.261 -2.500 -33.796 13.800 -2.500 -33.796 1.261 -7.750 -33.796 0.712096 0.725082 0.712096 0.553336 0.784005 0.725082
3 16 13.800 -2.500 -33.796 13.800 -7.750 -33.796 1.261 -7.750 -33.796 0.712096 0.553336 0.784005 0.553336 0.784005 0.725082
3 16 17.502 -2.500 -30.023 13.800 -2.500 -33.796 -2.500 -2.500 -30.023 0.812012 0.000500 0.761327 0.051863 0.538020 0.000500
3 16 13.800 -2.500 -33.796 1.261 -2.500 -33.796 -2.500 -2.500 -30.023 0.761327 0.051863 0.589580 0.051863 0.538020 0.000500
3 16 1.261 -2.500 -33.796 1.261 -2.500 -42.163 -2.500 -2.500 -30.023 0.589580 0.051863 0.589584 0.166464 0.538020 0.000500
3 16 1.261 -2.500 -66.230 1.261 -2.500 -57.831 1.261 -7.750 -66.230 0.392638 0.893592 0.392638 0.773977 0.467398 0.893592
3 16 1.261 -2.500 -57.831 1.261 -7.750 -57.881 1.261 -7.750 -66.230 0.392638 0.773977 0.467398 0.774698 0.467398 0.893592
3 16 13.800 -7.750 -66.230 13.800 -2.500 -66.230 1.261 -7.750 -66.230 0.260647 0.556101 0.332556 0.556101 0.260647 0.727847
3 16 13.800 -2.500 -66.230 1.261 -2.500 -66.230 1.261 -7.750 -66.230 0.332556 0.556101 0.332556 0.727847 0.260647 0.727847
3 16 1.261 -2.500 -66.230 -2.500 -2.500 -69.990 1.261 -2.500 -57.831 0.589580 0.496115 0.538020 0.547479 0.589584 0.381061
3 16 13.800 -2.500 -66.230 13.800 -7.750 -66.230 13.800 -2.500 -33.796 0.815394 0.002411 0.887303 0.002411 0.815394 0.446663
3 16 13.800 -7.750 -66.230 13.800 -7.750 -33.796 13.800 -2.500 -33.796 0.887303 0.002411 0.887303 0.446663 0.815394 0.446663
3 16 -2.500 -2.500 -69.990 -2.500 -2.500 -30.023 1.261 -2.500 -57.831 0.538020 0.547479 0.538020 0.000500 0.589584 0.381061
3 16 -2.500 -2.500 -30.023 1.261 -2.500 -42.163 1.261 -2.500 -57.831 0.538020 0.000500 0.589584 0.166464 0.589584 0.381061
3 16 8.817 -2.500 -53.290 9.777 -2.500 -52.801 8.829 -7.752 -53.327 0.182217 0.853064 0.182217 0.839542 0.256170 0.852895
3 16 9.777 -2.500 -52.801 9.800 -7.752 -52.832 8.829 -7.752 -53.327 0.182217 0.839542 0.256170 0.839222 0.256170 0.852895
3 16 9.777 -2.500 -52.801 10.539 -2.500 -52.039 9.800 -7.752 -52.832 0.000489 0.945406 0.000489 0.934164 0.077970 0.945868
3 16 10.539 -2.500 -52.039 10.570 -7.752 -52.061 9.800 -7.752 -52.832 0.000489 0.934164 0.077970 0.934499 0.077970 0.945868
3 16 10.539 -2.500 -52.039 11.028 -2.500 -51.078 10.570 -7.752 -52.061 0.000489 0.934164 0.000489 0.919997 0.077970 0.934499
3 16 11.028 -2.500 -51.078 11.065 -7.752 -51.090 10.570 -7.752 -52.061 0.000489 0.919997 0.077970 0.920173 0.077970 0.934499
3 16 11.028 -2.500 -51.078 11.197 -2.500 -50.014 11.065 -7.752 -51.090 0.000489 0.919997 0.000489 0.904293 0.077970 0.920173
3 16 11.197 -2.500 -50.014 11.236 -7.752 -50.014 11.065 -7.752 -51.090 0.000489 0.904293 0.077970 0.904293 0.077970 0.920173
3 16 11.197 -2.500 -50.014 11.028 -2.500 -48.950 11.236 -7.752 -50.014 0.000489 0.904293 0.000489 0.888590 0.077970 0.904293
3 16 11.028 -2.500 -48.950 11.065 -7.752 -48.938 11.236 -7.752 -50.014 0.000489 0.888590 0.077970 0.888413 0.077970 0.904293
3 16 11.028 -2.500 -48.950 10.539 -2.500 -47.989 11.065 -7.752 -48.938 0.000489 0.888590 0.000489 0.874423 0.077970 0.888413
3 16 10.539 -2.500 -47.989 10.570 -7.752 -47.967 11.065 -7.752 -48.938 0.000489 0.874423 0.077970 0.874088 0.077970 0.888413
3 16 10.539 -2.500 -47.989 9.777 -2.500 -47.227 10.570 -7.752 -47.967 0.000489 0.874423 0.000489 0.863181 0.077970 0.874088
3 16 9.777 -2.500 -47.227 9.800 -7.752 -47.196 10.570 -7.752 -47.967 0.000489 0.863181 0.077970 0.862719 0.077970 0.874088
3 16 9.777 -2.500 -47.227 8.817 -2.500 -46.738 9.800 -7.752 -47.196 0.334600 0.851421 0.334600 0.864943 0.260647 0.851101
3 16 8.817 -2.500 -46.738 8.829 -7.752 -46.701 9.800 -7.752 -47.196 0.334600 0.864943 0.260647 0.864774 0.260647 0.851101
3 16 7.490 -7.752 -53.497 7.490 -2.500 -53.459 8.829 -7.752 -53.327 0.256170 0.871749 0.182217 0.871749 0.256170 0.852895
3 16 7.490 -2.500 -53.459 8.817 -2.500 -53.290 8.829 -7.752 -53.327 0.182217 0.871749 0.182217 0.853064 0.256170 0.852895
3 16 3.827 -2.500 -54.580 3.848 -7.752 -54.612 2.400 -2.500 -55.890 0.392638 0.727693 0.467423 0.728149 0.392638 0.746349
3 16 3.848 -7.752 -54.612 2.430 -7.752 -55.915 2.400 -2.500 -55.890 0.467423 0.728149 0.467423 0.746695 0.392638 0.746349
3 16 5.574 -2.500 -53.745 5.586 -7.752 -53.782 3.827 -2.500 -54.580 0.182217 0.898724 0.256170 0.898565 0.182217 0.923336
3 16 5.586 -7.752 -53.782 3.848 -7.752 -54.612 3.827 -2.500 -54.580 0.256170 0.898565 0.256170 0.923031 0.182217 0.923336
3 16 7.490 -2.500 -53.459 7.490 -7.752 -53.497 5.574 -2.500 -53.745 0.182217 0.871749 0.256170 0.871749 0.182217 0.898724
3 16 7.490 -7.752 -53.497 5.586 -7.752 -53.782 5.574 -2.500 -53.745 0.256170 0.871749 0.256170 0.898565 0.182217 0.898724
3 16 1.261 -7.750 -57.881 1.261 -2.500 -57.831 2.430 -7.752 -55.915 0.467398 0.774698 0.392638 0.773977 0.467423 0.746695
3 16 1.261 -2.500 -57.831 2.400 -2.500 -55.890 2.430 -7.752 -55.915 0.392638 0.773977 0.392638 0.746349 0.467423 0.746695
3 16 7.490 -2.500 -46.570 7.490 -7.752 -46.531 8.817 -2.500 -46.738 0.334600 0.883628 0.260647 0.883628 0.334600 0.864943
3 16 7.490 -7.752 -46.531 8.829 -7.752 -46.701 8.817 -2.500 -46.738 0.260647 0.883628 0.260647 0.864774 0.334600 0.864943
3 16 5.574 -2.500 -46.283 5.586 -7.752 -46.246 7.490 -2.500 -46.570 0.334600 0.910603 0.260647 0.910444 0.334600 0.883628
3 16 5.586 -7.752 -46.246 7.490 -7.752 -46.531 7.490 -2.500 -46.570 0.260647 0.910444 0.260647 0.883628 0.334600 0.883628
3 16 3.827 -2.500 -45.448 3.848 -7.752 -45.416 5.574 -2.500 -46.283 0.334600 0.935215 0.260647 0.934910 0.334600 0.910603
3 16 3.848 -7.752 -45.416 5.586 -7.752 -46.246 5.574 -2.500 -46.283 0.260647 0.934910 0.260647 0.910444 0.334600 0.910603
3 16 2.400 -2.500 -44.138 2.430 -7.752 -44.113 3.827 -2.500 -45.448 0.788613 0.880574 0.863383 0.880229 0.788613 0.899227
3 16 2.430 -7.752 -44.113 3.848 -7.752 -45.416 3.827 -2.500 -45.448 0.863383 0.880229 0.863383 0.898771 0.788613 0.899227
3 16 2.400 -2.500 -44.138 1.261 -2.500 -42.163 2.430 -7.752 -44.113 0.788613 0.880574 0.788613 0.852462 0.863383 0.880229
3 16 1.261 -2.500 -42.163 1.261 -7.750 -42.112 2.430 -7.752 -44.113 0.788613 0.852462 0.863359 0.851740 0.863383 0.880229
3 16 1.261 -7.750 -42.112 1.261 -2.500 -42.163 1.261 -7.750 -33.796 0.863359 0.851740 0.788613 0.852462 0.863359 0.733341
3 16 1.261 -2.500 -42.163 1.261 -2.500 -33.796 1.261 -7.750 -33.796 0.788613 0.852462 0.788613 0.733341 0.863359 0.733341
3 16 2.400 -2.500 -55.890 1.261 -2.500 -57.831 2.400 -2.500 -44.138 0.605185 0.354487 0.589584 0.381061 0.605185 0.193510
3 16 1.261 -2.500 -57.831 1.261 -2.500 -42.163 2.400 -2.500 -44.138 0.589584 0.381061 0.589584 0.166464 0.605185 0.193510
3 16 3.827 -2.500 -54.580 2.400 -2.500 -55.890 3.827 -2.500 -45.448 0.624726 0.336542 0.605185 0.354487 0.624726 0.211455
3 16 2.400 -2.500 -55.890 2.400 -2.500 -44.138 3.827 -2.500 -45.448 0.605185 0.354487 0.605185 0.193510 0.624726 0.211455
3 16 5.574 -2.500 -53.745 3.827 -2.500 -54.580 5.574 -2.500 -46.283 0.648666 0.325105 0.624726 0.336542 0.648666 0.222892
3 16 3.827 -2.500 -54.580 3.827 -2.500 -45.448 5.574 -2.500 -46.283 0.624726 0.336542 0.624726 0.211455 0.648666 0.222892
3 16 7.490 -2.500 -53.459 5.574 -2.500 -53.745 7.490 -2.500 -46.570 0.674904 0.321178 0.648666 0.325105 0.674904 0.226819
3 16 5.574 -2.500 -53.745 5.574 -2.500 -46.283 7.490 -2.500 -46.570 0.648666 0.325105 0.648666 0.222892 0.674904 0.226819
3 16 8.817 -2.500 -53.290 7.490 -2.500 -53.459 8.817 -2.500 -46.738 0.693079 0.318869 0.674904 0.321178 0.693079 0.229128
3 16 7.490 -2.500 -53.459 7.490 -2.500 -46.570 8.817 -2.500 -46.738 0.674904 0.321178 0.674904 0.226819 0.693079 0.229128
3 16 9.777 -2.500 -52.801 8.817 -2.500 -53.290 9.777 -2.500 -47.227 0.706231 0.312167 0.693079 0.318869 0.706231 0.235829
3 16 8.817 -2.500 -53.290 8.817 -2.500 -46.738 9.777 -2.500 -47.227 0.693079 0.318869 0.693079 0.229128 0.706231 0.235829
3 16 10.539 -2.500 -52.039 9.777 -2.500 -52.801 10.539 -2.500 -47.989 0.716669 0.301730 0.706231 0.312167 0.716669 0.246267
3 16 9.777 -2.500 -52.801 9.777 -2.500 -47.227 10.539 -2.500 -47.989 0.706231 0.312167 0.706231 0.235829 0.716669 0.246267
3 16 11.028 -2.500 -51.078 10.539 -2.500 -52.039 11.197 -2.500 -50.014 0.723370 0.288578 0.716669 0.301730 0.725679 0.273998
3 16 10.539 -2.500 -52.039 10.539 -2.500 -47.989 11.197 -2.500 -50.014 0.716669 0.301730 0.716669 0.246267 0.725679 0.273998
3 16 10.539 -2.500 -47.989 11.028 -2.500 -48.950 11.197 -2.500 -50.014 0.716669 0.246267 0.723370 0.259419 0.725679 0.273998
3 16 -2.500 -2.500 -69.990 1.261 -2.500 -66.230 17.502 -2.500 -69.990 0.538020 0.547479 0.589580 0.496115 0.812012 0.547479
3 16 1.261 -2.500 -66.230 13.800 -2.500 -66.230 17.502 -2.500 -69.990 0.589580 0.496115 0.761327 0.496115 0.812012 0.547479
3 16 17.502 -2.500 -30.023 17.502 -2.500 -69.990 13.800 -2.500 -33.796 0.812012 0.000500 0.812012 0.547479 0.761327 0.051863
3 16 17.502 -2.500 -69.990 13.800 -2.500 -66.230 13.800 -2.500 -33.796 0.812012 0.547479 0.761327 0.496115 0.761327 0.051863
3 16 11.065 -7.752 -48.938 10.570 -7.752 -47.967 11.236 -7.752 -50.014 0.670401 0.762641 0.663624 0.749341 0.672736 0.777384
3 16 10.570 -7.752 -47.967 9.800 -7.752 -47.196 11.236 -7.752 -50.014 0.663624 0.749341 0.653069 0.738786 0.672736 0.777384
3 16 9.800 -7.752 -47.196 8.829 -7.752 -46.701 11.236 -7.752 -50.014 0.653069 0.738786 0.639770 0.732010 0.672736 0.777384
3 16 8.829 -7.752 -46.701 7.490 -7.752 -46.531 11.236 -7.752 -50.014 0.639770 0.732010 0.621431 0.729675 0.672736 0.777384
3 16 7.490 -7.752 -46.531 5.586 -7.752 -46.246 11.236 -7.752 -50.014 0.621431 0.729675 0.595348 0.725771 0.672736 0.777384
3 16 5.586 -7.752 -46.246 3.848 -7.752 -45.416 11.236 -7.752 -50.014 0.595348 0.725771 0.571550 0.714401 0.672736 0.777384
3 16 3.848 -7.752 -45.416 2.430 -7.752 -44.113 11.236 -7.752 -50.014 0.571550 0.714401 0.552124 0.696562 0.672736 0.777384
3 16 2.430 -7.752 -44.113 1.261 -7.750 -42.112 11.236 -7.752 -50.014 0.552124 0.696562 0.536107 0.669155 0.672736 0.777384
3 16 1.261 -7.750 -42.112 1.261 -7.750 -33.796 11.236 -7.752 -50.014 0.536107 0.669155 0.536107 0.555249 0.672736 0.777384
3 16 1.261 -7.750 -33.796 13.800 -7.750 -33.796 11.236 -7.752 -50.014 0.536107 0.555249 0.707854 0.555249 0.672736 0.777384
3 16 13.800 -7.750 -33.796 13.800 -7.750 -66.230 11.236 -7.752 -50.014 0.707854 0.555249 0.707854 0.999501 0.672736 0.777384
3 16 13.800 -7.750 -66.230 1.261 -7.750 -66.230 11.236 -7.752 -50.014 0.707854 0.999501 0.536107 0.999501 0.672736 0.777384
3 16 1.261 -7.750 -66.230 1.261 -7.750 -57.881 11.236 -7.752 -50.014 0.536107 0.999501 0.536107 0.885140 0.672736 0.777384
3 16 1.261 -7.750 -57.881 2.430 -7.752 -55.915 11.236 -7.752 -50.014 0.536107 0.885140 0.552124 0.858205 0.672736 0.777384
3 16 2.430 -7.752 -55.915 3.848 -7.752 -54.612 11.236 -7.752 -50.014 0.552124 0.858205 0.571550 0.840366 0.672736 0.777384
3 16 3.848 -7.752 -54.612 5.586 -7.752 -53.782 11.236 -7.752 -50.014 0.571550 0.840366 0.595348 0.828997 0.672736 0.777384
3 16 5.586 -7.752 -53.782 7.490 -7.752 -53.497 11.236 -7.752 -50.014 0.595348 0.828997 0.621431 0.825093 0.672736 0.777384
3 16 7.490 -7.752 -53.497 8.829 -7.752 -53.327 11.236 -7.752 -50.014 0.621431 0.825093 0.639770 0.822758 0.672736 0.777384
3 16 8.829 -7.752 -53.327 9.800 -7.752 -52.832 11.236 -7.752 -50.014 0.639770 0.822758 0.653069 0.815981 0.672736 0.777384
3 16 9.800 -7.752 -52.832 10.570 -7.752 -52.061 11.236 -7.752 -50.014 0.653069 0.815981 0.663624 0.805426 0.672736 0.777384
3 16 10.570 -7.752 -52.061 11.065 -7.752 -51.090 11.236 -7.752 -50.014 0.663624 0.805426 0.670401 0.792127 0.672736 0.777384
3 16 -4.996 -9.497 -46.914 -2.496 -9.497 -46.914 -4.996 -8.000 -45.582 0.891910 0.185166 0.928022 0.185166 0.891910 0.204414
3 16 -2.496 -9.497 -46.914 -2.496 -8.000 -45.582 -4.996 -8.000 -45.582 0.928022 0.185166 0.928022 0.204414 0.891910 0.204414
3 16 -4.996 -10.500 -50.000 -2.496 -10.500 -50.000 -4.996 -9.497 -46.914 0.891910 0.140592 0.928022 0.140592 0.891910 0.185166
3 16 -2.496 -10.500 -50.000 -2.496 -9.497 -46.914 -4.996 -9.497 -46.914 0.928022 0.140592 0.928022 0.185166 0.891910 0.185166
3 16 -4.996 -1.003 -46.914 -2.521 -1.003 -46.914 -4.996 0.000 -50.000 0.932082 0.095937 0.967824 0.095937 0.932082 0.140501
3 16 -2.521 -1.003 -46.914 -2.521 0.000 -50.000 -4.996 0.000 -50.000 0.967824 0.095937 0.967824 0.140501 0.932082 0.140501
3 16 -4.996 -2.500 -45.572 -2.496 -2.500 -45.575 -4.996 -1.003 -46.914 0.932082 0.076555 0.968185 0.076591 0.932082 0.095937
3 16 -2.496 -2.500 -45.575 -2.521 -1.003 -46.914 -4.996 -1.003 -46.914 0.968185 0.076591 0.967824 0.095937 0.932082 0.095937
3 16 -3.228 -5.250 -39.366 -2.496 -5.250 -39.366 -3.228 -2.500 -39.937 0.073289 0.380716 0.073289 0.410656 0.035156 0.380716
3 16 -2.496 -5.250 -39.366 -2.496 -2.500 -39.937 -3.228 -2.500 -39.937 0.073289 0.410656 0.035156 0.410656 0.035156 0.380716
3 16 -4.996 -8.000 -45.582 -2.496 -8.000 -45.582 -4.996 -8.000 -44.750 0.891910 0.204414 0.928022 0.204414 0.891910 0.216425
3 16 -2.496 -8.000 -45.582 -2.496 -8.000 -39.937 -4.996 -8.000 -44.750 0.928022 0.204414 0.928022 0.278799 0.891910 0.216425
3 16 -2.496 -8.000 -39.937 -3.228 -8.000 -39.937 -4.996 -8.000 -44.750 0.928022 0.278799 0.909966 0.247612 0.891910 0.216425
3 16 -4.996 -5.250 -44.750 -4.996 -2.500 -44.750 -4.996 -2.500 -45.572 0.073289 0.350777 0.035156 0.350777 0.035156 0.339378
3 16 -4.996 -2.500 -45.572 -4.996 -2.500 -44.750 -2.496 -2.500 -45.575 0.932082 0.076555 0.932082 0.064684 0.968185 0.076591
3 16 -4.996 -2.500 -44.750 -3.228 -2.500 -39.937 -2.496 -2.500 -45.575 0.932082 0.064684 0.950134 0.033504 0.968185 0.076591
3 16 -3.228 -2.500 -39.937 -2.496 -2.500 -39.937 -2.496 -2.500 -45.575 0.950134 0.033504 0.968185 0.002324 0.968185 0.076591
3 16 -2.521 0.000 -50.000 -2.521 -1.003 -46.914 -2.521 -1.003 -50.000 0.943559 0.337199 0.957294 0.294929 0.957294 0.337199
3 16 -2.511 -1.617 -50.000 -2.521 -1.003 -50.000 -2.496 -2.500 -45.575 0.965715 0.337199 0.957294 0.337199 0.977804 0.276579
3 16 -2.521 -1.003 -50.000 -2.521 -1.003 -46.914 -2.496 -2.500 -45.575 0.957294 0.337199 0.957294 0.294929 0.977804 0.276579
3 16 -2.511 -1.617 -50.000 -2.496 -2.500 -45.575 -2.496 -2.500 -50.000 0.965715 0.337199 0.977804 0.276579 0.977804 0.337199
3 16 -5.004 -8.340 -48.215 -5.004 -8.763 -49.999 -4.996 -9.497 -46.914 0.116137 0.302730 0.121999 0.277985 0.132186 0.320767
3 16 -5.004 -8.763 -49.999 -4.996 -10.500 -50.000 -4.996 -9.497 -46.914 0.121999 0.277985 0.146090 0.277976 0.132186 0.320767
3 16 -5.004 -7.284 -47.109 -5.004 -8.340 -48.215 -4.996 -8.000 -45.582 0.101489 0.318061 0.116137 0.302730 0.111423 0.339246
3 16 -5.004 -8.340 -48.215 -4.996 -9.497 -46.914 -4.996 -8.000 -45.582 0.116137 0.302730 0.132186 0.320767 0.111423 0.339246
3 16 -5.004 -5.844 -46.487 -5.004 -7.284 -47.109 -4.996 -8.000 -45.582 0.081531 0.326688 0.101489 0.318061 0.111423 0.339246
3 16 -5.004 -3.204 -47.109 -4.996 -2.500 -45.572 -5.004 -2.191 -48.215 0.044918 0.318061 0.035156 0.339378 0.030877 0.302730
3 16 -4.996 -2.500 -45.572 -4.996 -1.003 -46.914 -5.004 -2.191 -48.215 0.035156 0.339378 0.014392 0.320767 0.030877 0.302730
3 16 -5.004 -2.191 -48.215 -4.996 -1.003 -46.914 -5.004 -1.737 -49.999 0.030877 0.302730 0.014392 0.320767 0.024579 0.277985
3 16 -4.996 -1.003 -46.914 -4.996 0.000 -50.000 -5.004 -1.737 -49.999 0.014392 0.320767 0.000489 0.277976 0.024579 0.277985
3 16 17.502 -2.500 -30.023 17.504 -10.500 -30.000 17.504 -2.500 -50.000 0.147784 0.002544 0.257360 0.002544 0.147784 0.276485
3 16 17.504 -10.500 -30.000 17.504 -10.500 -50.000 17.504 -2.500 -50.000 0.257360 0.002544 0.257360 0.276485 0.147784 0.276485
3 16 -2.500 -2.500 -30.023 -2.496 -10.500 -30.000 17.502 -2.500 -30.023 0.924970 0.727934 0.815394 0.727934 0.924970 0.453994
3 16 -2.496 -10.500 -30.000 17.504 -10.500 -30.000 17.502 -2.500 -30.023 0.815394 0.727934 0.815394 0.453994 0.924970 0.453994
3 16 17.504 -10.500 -30.000 -2.496 -10.500 -30.000 17.504 -10.500 -50.000 0.534587 0.550425 0.260647 0.550425 0.534587 0.276485
3 16 -2.496 -10.500 -30.000 -2.496 -10.500 -50.000 17.504 -10.500 -50.000 0.260647 0.550425 0.260647 0.276485 0.534587 0.276485
3 16 -2.496 -2.500 -39.937 -2.496 -5.250 -39.366 -2.500 -2.500 -30.023 0.035156 0.410656 0.073289 0.410656 0.035156 0.555311
3 16 -2.496 -5.250 -39.366 -2.496 -8.000 -39.937 -2.500 -2.500 -30.023 0.073289 0.410656 0.111423 0.410656 0.035156 0.555311
3 16 -2.496 -8.000 -39.937 -2.496 -8.000 -45.582 -2.500 -2.500 -30.023 0.111423 0.410656 0.111423 0.339246 0.035156 0.555311
3 16 -2.496 -8.000 -45.582 -2.496 -9.497 -46.914 -2.500 -2.500 -30.023 0.111423 0.339246 0.132186 0.320767 0.035156 0.555311
3 16 -2.496 -9.497 -46.914 -2.496 -10.500 -50.000 -2.500 -2.500 -30.023 0.132186 0.320767 0.146090 0.277976 0.035156 0.555311
3 16 -2.496 -10.500 -50.000 -2.496 -10.500 -30.000 -2.500 -2.500 -30.023 0.146090 0.277976 0.146090 0.555311 0.035156 0.555311
3 16 -4.996 -9.497 -53.086 -4.996 -8.000 -54.418 -2.496 -9.497 -53.086 0.891910 0.096019 0.891910 0.076770 0.928022 0.096019
3 16 -4.996 -8.000 -54.418 -2.496 -8.000 -54.418 -2.496 -9.497 -53.086 0.891910 0.076770 0.928022 0.076770 0.928022 0.096019
3 16 -4.996 -10.500 -50.000 -4.996 -9.497 -53.086 -2.496 -10.500 -50.000 0.891910 0.140592 0.891910 0.096019 0.928022 0.140592
3 16 -4.996 -9.497 -53.086 -2.496 -9.497 -53.086 -2.496 -10.500 -50.000 0.891910 0.096019 0.928022 0.096019 0.928022 0.140592
3 16 -4.996 -1.003 -53.086 -4.996 0.000 -50.000 -2.521 -1.003 -53.086 0.932082 0.185065 0.932082 0.140501 0.967824 0.185065
3 16 -4.996 0.000 -50.000 -2.521 0.000 -50.000 -2.521 -1.003 -53.086 0.932082 0.140501 0.967824 0.140501 0.967824 0.185065
3 16 -4.996 -2.500 -54.428 -4.996 -1.003 -53.086 -2.496 -2.500 -54.426 0.932082 0.204447 0.932082 0.185065 0.968185 0.204412
3 16 -4.996 -1.003 -53.086 -2.521 -1.003 -53.086 -2.496 -2.500 -54.426 0.932082 0.185065 0.967824 0.185065 0.968185 0.204412
3 16 -3.228 -5.250 -60.790 -3.228 -8.000 -60.075 -4.996 -5.250 -55.250 0.073289 0.175236 0.111423 0.175236 0.073289 0.205176
3 16 -3.228 -8.000 -60.075 -4.996 -8.000 -55.250 -4.996 -5.250 -55.250 0.111423 0.175236 0.111423 0.205176 0.073289 0.205176
3 16 -4.996 -8.000 -54.418 -4.996 -8.000 -55.250 -2.496 -8.000 -54.418 0.891910 0.076770 0.891910 0.064759 0.928022 0.076770
3 16 -4.996 -8.000 -55.250 -3.228 -8.000 -60.075 -2.496 -8.000 -54.418 0.891910 0.064759 0.909966 0.033572 0.928022 0.076770
3 16 -3.228 -8.000 -60.075 -2.496 -8.000 -60.075 -2.496 -8.000 -54.418 0.909966 0.033572 0.928022 0.002386 0.928022 0.076770
3 16 -4.996 -5.250 -55.250 -4.996 -8.000 -55.250 -4.996 -8.000 -54.418 0.073289 0.205176 0.111423 0.205176 0.111423 0.216706
3 16 -4.996 -2.500 -54.428 -2.496 -2.500 -54.426 -4.996 -2.500 -55.250 0.932082 0.204447 0.968185 0.204412 0.932082 0.216318
3 16 -2.496 -2.500 -54.426 -2.496 -2.500 -60.075 -4.996 -2.500 -55.250 0.968185 0.204412 0.968185 0.278679 0.932082 0.216318
3 16 -2.496 -2.500 -60.075 -3.228 -2.500 -60.075 -4.996 -2.500 -55.250 0.968185 0.278679 0.950134 0.247498 0.932082 0.216318
3 16 -2.521 -1.003 -53.086 -2.521 0.000 -50.000 -2.521 -1.003 -50.000 0.957294 0.379468 0.943559 0.337199 0.957294 0.337199
3 16 -2.521 -1.003 -53.086 -2.521 -1.003 -50.000 -2.496 -2.500 -54.426 0.957294 0.379468 0.957294 0.337199 0.977804 0.397818
3 16 -2.521 -1.003 -50.000 -2.511 -1.617 -50.000 -2.496 -2.500 -54.426 0.957294 0.337199 0.965715 0.337199 0.977804 0.397818
3 16 -2.496 -2.500 -54.426 -2.511 -1.617 -50.000 -2.496 -2.500 -50.000 0.977804 0.397818 0.965715 0.337199 0.977804 0.337199
3 16 -4.996 -10.500 -50.000 -5.004 -8.763 -49.999 -4.996 -9.497 -53.086 0.146090 0.277976 0.121999 0.277985 0.132186 0.235185
3 16 -5.004 -8.763 -49.999 -5.004 -8.340 -51.784 -4.996 -9.497 -53.086 0.121999 0.277985 0.116137 0.253241 0.132186 0.235185
3 16 -4.996 -9.497 -53.086 -5.004 -8.340 -51.784 -4.996 -8.000 -54.418 0.132186 0.235185 0.116137 0.253241 0.111423 0.216706
3 16 -5.004 -8.340 -51.784 -5.004 -7.284 -52.889 -4.996 -8.000 -54.418 0.116137 0.253241 0.101489 0.237910 0.111423 0.216706
3 16 -5.004 -4.581 -53.511 -5.004 -3.204 -52.889 -4.996 -2.500 -54.428 0.064013 0.229283 0.044918 0.237910 0.035156 0.216574
3 16 -4.996 -1.003 -53.086 -4.996 -2.500 -54.428 -5.004 -2.191 -51.784 0.014392 0.235185 0.035156 0.216574 0.030877 0.253241
3 16 -4.996 -2.500 -54.428 -5.004 -3.204 -52.889 -5.004 -2.191 -51.784 0.035156 0.216574 0.044918 0.237910 0.030877 0.253241
3 16 -4.996 0.000 -50.000 -4.996 -1.003 -53.086 -5.004 -1.737 -49.999 0.000489 0.277976 0.014392 0.235185 0.024579 0.277985
3 16 -4.996 -1.003 -53.086 -5.004 -2.191 -51.784 -5.004 -1.737 -49.999 0.014392 0.235185 0.030877 0.253241 0.024579 0.277985
3 16 17.504 -10.500 -50.000 17.504 -10.500 -70.000 17.504 -2.500 -50.000 0.257360 0.276485 0.257360 0.550425 0.147784 0.276485
3 16 17.504 -10.500 -70.000 17.502 -2.500 -69.990 17.504 -2.500 -50.000 0.257360 0.550425 0.147784 0.550425 0.147784 0.276485
3 16 -2.500 -2.500 -69.990 17.502 -2.500 -69.990 -2.496 -10.500 -70.000 0.147784 0.831233 0.147784 0.557293 0.257361 0.831233
3 16 17.502 -2.500 -69.990 17.504 -10.500 -70.000 -2.496 -10.500 -70.000 0.147784 0.557293 0.257361 0.557293 0.257361 0.831233
3 16 -2.496 -10.500 -50.000 -2.496 -10.500 -70.000 17.504 -10.500 -50.000 0.260647 0.276485 0.260647 0.002544 0.534587 0.276485
3 16 -2.496 -10.500 -70.000 17.504 -10.500 -70.000 17.504 -10.500 -50.000 0.260647 0.002544 0.534587 0.002544 0.534587 0.276485
3 16 -2.496 -10.500 -70.000 -2.496 -10.500 -50.000 -2.500 -2.500 -69.990 0.146090 0.000641 0.146090 0.277976 0.035156 0.000641
3 16 -2.496 -10.500 -50.000 -2.496 -9.497 -53.086 -2.500 -2.500 -69.990 0.146090 0.277976 0.132186 0.235185 0.035156 0.000641
3 16 -2.496 -9.497 -53.086 -2.496 -8.000 -54.418 -2.500 -2.500 -69.990 0.132186 0.235185 0.111423 0.216706 0.035156 0.000641
3 16 -2.496 -8.000 -54.418 -2.496 -8.000 -60.075 -2.500 -2.500 -69.990 0.111423 0.216706 0.111423 0.145297 0.035156 0.000641
3 16 -2.496 -8.000 -60.075 -2.496 -5.250 -60.790 -2.500 -2.500 -69.990 0.111423 0.145297 0.073289 0.145297 0.035156 0.000641
3 16 -2.496 -5.250 -60.790 -2.496 -2.500 -60.075 -2.500 -2.500 -69.990 0.073289 0.145297 0.035156 0.145297 0.035156 0.000641
3 16 -11.775 -1.362 -49.158 -15.504 -1.213 -49.158 -11.720 -1.734 -47.948 0.050099 0.644203 0.050099 0.699915 0.032023 0.643375
3 16 -15.504 -1.213 -49.158 -15.504 -1.417 -48.285 -11.720 -1.734 -47.948 0.050099 0.699915 0.037055 0.699915 0.032023 0.643375
3 16 -11.720 -1.734 -47.948 -15.504 -1.734 -47.948 -11.708 -2.898 -46.722 0.032023 0.643375 0.032023 0.699915 0.013695 0.643202
3 16 -15.504 -1.734 -47.948 -15.504 -2.898 -46.759 -11.708 -2.898 -46.722 0.032023 0.699915 0.014255 0.699915 0.013695 0.643202
3 16 -11.720 -5.933 -45.963 -15.504 -5.933 -45.963 -11.708 -7.595 -46.722 0.735660 0.809593 0.735660 0.863254 0.712096 0.809426
3 16 -15.504 -5.933 -45.963 -15.503 -7.587 -46.759 -11.708 -7.595 -46.722 0.735660 0.863254 0.712201 0.863241 0.712096 0.809426
3 16 -11.708 -7.595 -46.722 -15.503 -7.587 -46.759 -11.720 -8.802 -47.948 0.448539 0.637951 0.447978 0.694787 0.430168 0.638128
3 16 -15.503 -7.587 -46.759 -15.504 -8.802 -47.948 -11.720 -8.802 -47.948 0.447978 0.694787 0.430168 0.694801 0.430168 0.638128
3 16 -15.504 -1.734 -47.948 -15.504 -1.497 -47.524 -15.504 -2.898 -46.759 0.942433 0.386101 0.948241 0.382855 0.958721 0.402043
3 16 -15.504 -1.497 -47.524 -15.504 -3.098 -45.838 -15.504 -2.898 -46.759 0.948241 0.382855 0.971341 0.404780 0.958721 0.402043
3 16 -15.504 -5.933 -45.963 -15.504 -5.268 -45.625 -15.503 -7.587 -46.759 0.969633 0.443609 0.974256 0.434499 0.958721 0.466268
3 16 -15.504 -5.268 -45.625 -15.504 -7.433 -45.840 -15.503 -7.587 -46.759 0.974256 0.434499 0.971305 0.464155 0.958721 0.466268
3 16 -15.503 -7.587 -46.759 -15.504 -7.433 -45.840 -15.504 -8.802 -47.948 0.958721 0.466268 0.971305 0.464155 0.942433 0.482898
3 16 -15.504 -7.433 -45.840 -15.504 -9.022 -47.524 -15.504 -8.802 -47.948 0.971305 0.464155 0.948241 0.485913 0.942433 0.482898
3 16 -15.504 -1.417 -48.285 -15.504 -1.213 -49.158 -17.504 -1.424 -48.269 0.037055 0.699915 0.050099 0.699915 0.036811 0.729797
3 16 -15.504 -1.213 -49.158 -17.504 -1.213 -49.158 -17.504 -1.424 -48.269 0.050099 0.699915 0.050099 0.729797 0.036811 0.729797
3 16 -15.504 -1.497 -47.524 -17.504 -1.497 -47.524 -15.504 -3.098 -45.838 0.025687 0.699915 0.025687 0.729797 0.000489 0.699915
3 16 -17.504 -1.497 -47.524 -17.504 -3.045 -45.838 -15.504 -3.098 -45.838 0.025687 0.729797 0.000489 0.729797 0.000489 0.699915
3 16 -15.504 -3.098 -45.838 -17.504 -3.045 -45.838 -15.504 -5.268 -45.625 0.368449 0.907877 0.340989 0.908602 0.368449 0.878086
3 16 -17.504 -3.045 -45.838 -17.504 -5.268 -45.625 -15.504 -5.268 -45.625 0.340989 0.908602 0.340989 0.878086 0.368449 0.878086
3 16 -15.504 -5.268 -45.625 -17.504 -5.268 -45.625 -15.504 -7.433 -45.840 0.368449 0.878086 0.340989 0.878086 0.368449 0.848359
3 16 -17.504 -5.268 -45.625 -17.504 -7.433 -45.840 -15.504 -7.433 -45.840 0.340989 0.878086 0.340989 0.848359 0.368449 0.848359
3 16 -15.504 -7.433 -45.840 -17.504 -7.433 -45.840 -15.504 -9.022 -47.524 0.461738 0.694801 0.461738 0.724754 0.436519 0.694801
3 16 -17.504 -7.433 -45.840 -17.504 -9.022 -47.524 -15.504 -9.022 -47.524 0.461738 0.724754 0.436519 0.724754 0.436519 0.694801
3 16 -11.775 -9.138 -49.158 -11.720 -8.802 -47.948 -15.504 -9.288 -49.158 0.412049 0.638957 0.430168 0.638128 0.412049 0.694801
3 16 -11.720 -8.802 -47.948 -15.504 -9.022 -48.246 -15.504 -9.288 -49.158 0.430168 0.638128 0.425709 0.694801 0.412049 0.694801
3 16 -15.504 -9.288 -49.158 -15.504 -9.022 -48.246 -17.504 -9.288 -49.158 0.412049 0.694801 0.425709 0.694801 0.412049 0.724754
3 16 -15.504 -9.022 -48.246 -17.504 -9.022 -48.261 -17.504 -9.288 -49.158 0.425709 0.694801 0.425486 0.724754 0.412049 0.724754
3 16 -11.025 -9.288 -49.999 -7.846 -9.288 -49.999 -11.245 -9.182 -49.416 0.399451 0.627725 0.399451 0.580106 0.408190 0.631015
3 16 -7.846 -9.288 -49.999 -7.851 -8.802 -47.948 -11.245 -9.182 -49.416 0.399451 0.580106 0.430168 0.580188 0.408190 0.631015
3 16 -5.004 -7.284 -47.109 -5.891 -7.296 -47.098 -5.004 -8.340 -48.215 0.531578 0.840510 0.518470 0.840679 0.531578 0.824168
3 16 -5.891 -7.296 -47.098 -5.890 -8.359 -48.204 -5.004 -8.340 -48.215 0.518470 0.840679 0.518474 0.824328 0.531578 0.824168
3 16 -5.004 -5.844 -46.487 -5.890 -5.848 -46.466 -5.004 -7.284 -47.109 0.492684 0.799097 0.480151 0.799046 0.492684 0.778750
3 16 -5.890 -5.848 -46.466 -5.891 -7.296 -47.098 -5.004 -7.284 -47.109 0.480151 0.799046 0.480147 0.778576 0.492684 0.778750
3 16 -5.004 -2.191 -48.215 -5.890 -2.173 -48.204 -5.004 -3.204 -47.109 0.512395 0.789954 0.499335 0.789795 0.512395 0.773667
3 16 -5.890 -2.173 -48.204 -5.890 -3.192 -47.098 -5.004 -3.204 -47.109 0.499335 0.789795 0.499337 0.773499 0.512395 0.773667
3 16 -11.245 -1.318 -49.416 -7.851 -1.734 -47.948 -11.025 -1.213 -49.999 0.053949 0.636279 0.032023 0.585572 0.062668 0.632997
3 16 -7.851 -1.734 -47.948 -7.846 -1.213 -49.999 -11.025 -1.213 -49.999 0.032023 0.585572 0.062668 0.585496 0.062668 0.632997
3 16 -15.504 -9.288 -49.158 -15.514 -6.657 -49.158 -11.775 -9.138 -49.158 0.974012 0.641609 0.937821 0.641746 0.971959 0.590308
3 16 -15.514 -6.657 -49.158 -11.775 -6.657 -49.158 -11.775 -9.138 -49.158 0.937821 0.641746 0.937821 0.590308 0.971959 0.590308
3 16 -11.245 -9.182 -49.416 -11.245 -6.777 -49.416 -11.025 -9.288 -49.999 0.371596 0.884068 0.371596 0.850024 0.379857 0.885561
3 16 -11.245 -6.777 -49.416 -11.025 -6.887 -49.999 -11.025 -9.288 -49.999 0.371596 0.850024 0.379857 0.851582 0.379857 0.885561
3 16 -11.775 -9.138 -49.158 -11.775 -6.657 -49.158 -11.245 -9.182 -49.416 0.971959 0.590308 0.937821 0.590308 0.972561 0.583011
3 16 -11.775 -6.657 -49.158 -11.245 -6.777 -49.416 -11.245 -9.182 -49.416 0.937821 0.590308 0.939477 0.583011 0.972561 0.583011
3 16 -11.245 -9.182 -49.416 -7.851 -8.802 -47.948 -11.775 -9.138 -49.158 0.408190 0.631015 0.430168 0.580188 0.412049 0.638957
3 16 -7.851 -8.802 -47.948 -11.720 -8.802 -47.948 -11.775 -9.138 -49.158 0.430168 0.580188 0.430168 0.638128 0.412049 0.638957
3 16 -15.504 -1.213 -49.158 -15.514 -3.864 -49.158 -17.504 -1.213 -49.158 0.260647 0.792716 0.297123 0.792853 0.260647 0.820232
3 16 -15.514 -3.864 -49.158 -17.504 -3.864 -49.158 -17.504 -1.213 -49.158 0.297123 0.792853 0.297123 0.820232 0.260647 0.820232
3 16 -7.851 -5.933 -45.963 -11.720 -5.933 -45.963 -7.852 -7.587 -46.700 0.735660 0.754733 0.735660 0.809593 0.712201 0.754748
3 16 -11.720 -5.933 -45.963 -11.708 -7.595 -46.722 -7.852 -7.587 -46.700 0.735660 0.809593 0.712096 0.809426 0.712201 0.754748
3 16 -7.852 -7.587 -46.700 -11.708 -7.595 -46.722 -7.851 -8.802 -47.948 0.448869 0.580204 0.448539 0.637951 0.430168 0.580188
3 16 -11.708 -7.595 -46.722 -11.720 -8.802 -47.948 -7.851 -8.802 -47.948 0.448539 0.637951 0.430168 0.638128 0.430168 0.580188
3 16 -7.851 -1.734 -47.948 -11.720 -1.734 -47.948 -7.851 -2.898 -46.700 0.032023 0.585572 0.032023 0.643375 0.013366 0.585565
3 16 -11.720 -1.734 -47.948 -11.708 -2.898 -46.722 -7.851 -2.898 -46.700 0.032023 0.643375 0.013695 0.643202 0.013366 0.585565
3 16 -5.004 -1.737 -49.999 -5.889 -1.716 -49.999 -5.004 -2.191 -48.215 0.512395 0.816240 0.499356 0.816240 0.512395 0.789954
3 16 -5.889 -1.716 -49.999 -5.890 -2.173 -48.204 -5.004 -2.191 -48.215 0.499356 0.816240 0.499335 0.789795 0.512395 0.789954
3 16 -5.004 -8.763 -49.999 -5.004 -8.340 -48.215 -5.889 -8.784 -49.999 0.531578 0.797793 0.531578 0.824168 0.518496 0.797793
3 16 -5.004 -8.340 -48.215 -5.890 -8.359 -48.204 -5.889 -8.784 -49.999 0.531578 0.824168 0.518474 0.824328 0.518496 0.797793
3 16 -11.775 -1.362 -49.158 -11.720 -1.734 -47.948 -11.245 -1.318 -49.416 0.050099 0.644203 0.032023 0.643375 0.053949 0.636279
3 16 -11.720 -1.734 -47.948 -7.851 -1.734 -47.948 -11.245 -1.318 -49.416 0.032023 0.643375 0.032023 0.585572 0.053949 0.636279
3 16 -15.504 -9.022 -48.246 -15.504 -9.022 -47.524 -17.504 -9.022 -48.261 0.425709 0.694801 0.436519 0.694801 0.425486 0.724754
3 16 -15.504 -9.022 -47.524 -17.504 -9.022 -47.524 -17.504 -9.022 -48.261 0.436519 0.694801 0.436519 0.724754 0.425486 0.724754
3 16 -15.504 -1.417 -48.285 -17.504 -1.424 -48.269 -15.504 -1.497 -47.524 0.037055 0.699915 0.036811 0.729797 0.025687 0.699915
3 16 -17.504 -1.424 -48.269 -17.504 -1.497 -47.524 -15.504 -1.497 -47.524 0.036811 0.729797 0.025687 0.729797 0.025687 0.699915
3 16 -15.504 -1.417 -48.285 -15.504 -1.497 -47.524 -15.504 -1.734 -47.948 0.937821 0.381755 0.948241 0.382855 0.942433 0.386101
3 16 -15.504 -8.802 -47.948 -15.504 -9.022 -47.524 -15.504 -9.022 -48.246 0.942433 0.482898 0.948241 0.485913 0.938356 0.485913
3 16 -5.004 -5.844 -46.487 -5.004 -4.581 -46.487 -5.890 -5.848 -46.466 0.492684 0.799097 0.492684 0.816956 0.480151 0.799046
3 16 -5.004 -4.581 -46.487 -5.890 -4.577 -46.466 -5.890 -5.848 -46.466 0.492684 0.816956 0.480151 0.817014 0.480151 0.799046
3 16 -11.720 -5.933 -45.963 -7.851 -5.933 -45.963 -11.720 -4.481 -45.963 0.735660 0.809593 0.735660 0.754733 0.756252 0.809593
3 16 -7.851 -5.933 -45.963 -7.851 -4.481 -45.963 -11.720 -4.481 -45.963 0.735660 0.754733 0.756252 0.754733 0.756252 0.809593
3 16 -11.720 -4.481 -45.963 -15.504 -4.481 -45.963 -11.720 -5.933 -45.963 0.756252 0.809593 0.756252 0.863254 0.735660 0.809593
3 16 -15.504 -4.481 -45.963 -15.504 -5.933 -45.963 -11.720 -5.933 -45.963 0.756252 0.863254 0.735660 0.863254 0.735660 0.809593
3 16 -5.004 -4.581 -46.487 -5.004 -3.204 -47.109 -5.890 -4.577 -46.466 0.492684 0.816956 0.492684 0.836423 0.480151 0.817014
3 16 -5.004 -3.204 -47.109 -5.890 -3.192 -47.098 -5.890 -4.577 -46.466 0.492684 0.836423 0.480153 0.836597 0.480151 0.817014
3 16 -7.851 -4.481 -45.963 -7.851 -2.898 -46.700 -11.720 -4.481 -45.963 0.756252 0.754733 0.778696 0.754726 0.756252 0.809593
3 16 -7.851 -2.898 -46.700 -11.708 -2.898 -46.722 -11.720 -4.481 -45.963 0.778696 0.754726 0.778696 0.809429 0.756252 0.809593
3 16 -11.708 -2.898 -46.722 -15.504 -2.898 -46.759 -11.720 -4.481 -45.963 0.778696 0.809429 0.778696 0.863254 0.756252 0.809593
3 16 -15.504 -2.898 -46.759 -15.504 -4.481 -45.963 -11.720 -4.481 -45.963 0.778696 0.863254 0.756252 0.863254 0.756252 0.809593
3 16 -15.504 -5.933 -45.963 -15.504 -4.481 -45.963 -15.504 -5.268 -45.625 0.969633 0.443609 0.969633 0.423720 0.974256 0.434499
3 16 -15.504 -4.481 -45.963 -15.504 -2.898 -46.759 -15.504 -5.268 -45.625 0.969633 0.423720 0.958721 0.402043 0.974256 0.434499
3 16 -15.504 -2.898 -46.759 -15.504 -3.098 -45.838 -15.504 -5.268 -45.625 0.958721 0.402043 0.971341 0.404780 0.974256 0.434499
3 16 -11.720 -8.802 -47.948 -15.504 -8.802 -47.948 -15.504 -9.022 -48.246 0.430168 0.638128 0.430168 0.694801 0.425709 0.694801
3 16 -17.504 -9.022 -48.261 -17.504 -9.022 -47.524 -17.504 -6.657 -47.375 0.507667 0.664139 0.497439 0.664139 0.495362 0.631307
3 16 -17.504 -3.864 -47.375 -17.504 -1.497 -47.524 -17.504 -1.424 -48.269 0.495362 0.592524 0.497439 0.559670 0.507775 0.558650
3 16 -15.504 -1.417 -48.285 -15.504 -1.734 -47.948 -11.720 -1.734 -47.948 0.037055 0.699915 0.032023 0.699915 0.032023 0.643375
3 16 -15.514 -6.657 -49.158 -15.504 -9.288 -49.158 -17.504 -6.657 -49.158 0.937821 0.641746 0.974012 0.641609 0.937821 0.669126
3 16 -15.504 -9.288 -49.158 -17.504 -9.288 -49.158 -17.504 -6.657 -49.158 0.974012 0.641609 0.974012 0.669126 0.937821 0.669126
3 16 -11.775 -3.864 -49.158 -15.514 -3.864 -49.158 -11.775 -1.362 -49.158 0.297123 0.741416 0.297123 0.792853 0.262699 0.741416
3 16 -15.514 -3.864 -49.158 -15.504 -1.213 -49.158 -11.775 -1.362 -49.158 0.297123 0.792853 0.260647 0.792716 0.262699 0.741416
3 16 -11.245 -3.716 -49.416 -11.775 -3.864 -49.158 -11.245 -1.318 -49.416 0.295084 0.734120 0.297123 0.741416 0.262098 0.734120
3 16 -11.775 -3.864 -49.158 -11.775 -1.362 -49.158 -11.245 -1.318 -49.416 0.297123 0.741416 0.262699 0.741416 0.262098 0.734120
3 16 -11.245 -3.716 -49.416 -11.245 -1.318 -49.416 -11.025 -3.633 -49.999 0.080832 0.893129 0.080832 0.859185 0.089093 0.891955
3 16 -11.245 -1.318 -49.416 -11.025 -1.213 -49.999 -11.025 -3.633 -49.999 0.080832 0.859185 0.089093 0.857691 0.089093 0.891955
3 16 -17.112 -6.497 -48.794 -15.267 -6.497 -48.794 -17.504 -6.657 -49.158 0.121574 0.942071 0.121574 0.913986 0.127117 0.948044
3 16 -15.267 -6.497 -48.794 -15.514 -6.657 -49.158 -17.504 -6.657 -49.158 0.121574 0.913986 0.127117 0.917743 0.127117 0.948044
3 16 -17.112 -5.550 -48.153 -15.267 -5.550 -48.153 -17.112 -6.072 -48.376 0.015663 0.222696 0.015663 0.196703 0.023014 0.222696
3 16 -15.267 -5.550 -48.153 -15.267 -6.072 -48.376 -17.112 -6.072 -48.376 0.015663 0.196703 0.023014 0.196703 0.023014 0.222696
3 16 -17.112 -4.995 -48.153 -15.267 -4.995 -48.153 -17.112 -5.550 -48.153 0.007840 0.222696 0.007840 0.196703 0.015663 0.222696
3 16 -15.267 -4.995 -48.153 -15.267 -5.550 -48.153 -17.112 -5.550 -48.153 0.007840 0.196703 0.015663 0.196703 0.015663 0.222696
3 16 -17.112 -4.473 -48.376 -15.267 -4.473 -48.376 -17.112 -4.995 -48.153 0.000489 0.222695 0.000489 0.196703 0.007840 0.222696
3 16 -15.267 -4.473 -48.376 -15.267 -4.995 -48.153 -17.112 -4.995 -48.153 0.000489 0.196703 0.007840 0.196703 0.007840 0.222696
3 16 -17.112 -4.048 -48.794 -15.267 -4.048 -48.794 -17.112 -4.473 -48.376 0.364756 0.839495 0.364756 0.811242 0.371167 0.839494
3 16 -15.267 -4.048 -48.794 -15.267 -4.473 -48.376 -17.112 -4.473 -48.376 0.364756 0.811242 0.371167 0.811241 0.371167 0.839494
3 16 -17.504 -3.864 -49.158 -15.514 -3.864 -49.158 -17.112 -4.048 -48.794 0.359180 0.845503 0.359180 0.815021 0.364756 0.839495
3 16 -15.514 -3.864 -49.158 -15.267 -4.048 -48.794 -17.112 -4.048 -48.794 0.359180 0.815021 0.364756 0.811242 0.364756 0.839495
3 16 -17.112 -6.072 -48.376 -15.267 -6.072 -48.376 -17.112 -6.497 -48.794 0.115200 0.942071 0.115200 0.913986 0.121574 0.942071
3 16 -15.267 -6.072 -48.376 -15.267 -6.497 -48.794 -17.112 -6.497 -48.794 0.115200 0.913986 0.121574 0.913986 0.121574 0.942071
3 16 -17.504 -6.657 -49.158 -17.504 -6.657 -47.375 -17.112 -6.497 -48.794 0.127117 0.948044 0.099961 0.948044 0.121574 0.942071
3 16 -17.504 -6.657 -47.375 -17.136 -6.497 -47.631 -17.112 -6.497 -48.794 0.099961 0.948044 0.103868 0.942439 0.121574 0.942071
3 16 -17.112 -4.048 -48.794 -17.136 -4.048 -47.631 -17.504 -3.864 -49.158 0.364756 0.839495 0.382568 0.839865 0.359180 0.845503
3 16 -17.136 -4.048 -47.631 -17.504 -3.864 -47.375 -17.504 -3.864 -49.158 0.382568 0.839865 0.386498 0.845503 0.359180 0.845503
3 16 -17.112 -6.072 -48.376 -17.136 -6.072 -47.274 -17.112 -5.550 -48.153 0.509258 0.623179 0.493970 0.623179 0.506165 0.615937
3 16 -17.136 -6.072 -47.274 -17.136 -5.550 -47.085 -17.112 -5.550 -48.153 0.493970 0.623179 0.491334 0.615937 0.506165 0.615937
3 16 -17.112 -5.550 -48.153 -17.136 -5.550 -47.085 -17.112 -4.995 -48.153 0.506165 0.615937 0.491334 0.615937 0.506165 0.608229
3 16 -17.136 -5.550 -47.085 -17.136 -4.995 -47.085 -17.112 -4.995 -48.153 0.491334 0.615937 0.491333 0.608229 0.506165 0.608229
3 16 -17.112 -4.995 -48.153 -17.136 -4.995 -47.085 -17.112 -4.473 -48.376 0.506165 0.608229 0.491333 0.608229 0.509258 0.600987
3 16 -17.136 -4.995 -47.085 -17.136 -4.473 -47.274 -17.112 -4.473 -48.376 0.491333 0.608229 0.493970 0.600987 0.509258 0.600987
3 16 -17.112 -4.473 -48.376 -17.136 -4.473 -47.274 -17.112 -4.048 -48.794 0.509258 0.600987 0.493970 0.600987 0.515069 0.595083
3 16 -17.136 -4.473 -47.274 -17.136 -4.048 -47.631 -17.112 -4.048 -48.794 0.493970 0.600987 0.498924 0.595083 0.515069 0.595083
3 16 -17.112 -6.497 -48.794 -17.136 -6.497 -47.631 -17.112 -6.072 -48.376 0.515069 0.629083 0.498924 0.629083 0.509258 0.623179
3 16 -17.136 -6.497 -47.631 -17.136 -6.072 -47.274 -17.112 -6.072 -48.376 0.498924 0.629083 0.493970 0.623179 0.509258 0.623179
3 16 -17.136 -6.072 -47.274 -17.504 -6.072 -47.018 -17.136 -5.550 -47.085 0.493970 0.623179 0.490408 0.623179 0.491334 0.615937
3 16 -17.504 -6.072 -47.018 -17.504 -5.550 -46.828 -17.136 -5.550 -47.085 0.490408 0.623179 0.487772 0.615937 0.491334 0.615937
3 16 -17.136 -5.550 -47.085 -17.504 -5.550 -46.828 -17.136 -4.995 -47.085 0.491334 0.615937 0.487772 0.615937 0.491333 0.608229
3 16 -17.504 -5.550 -46.828 -17.504 -4.995 -46.828 -17.136 -4.995 -47.085 0.487772 0.615937 0.487772 0.608229 0.491333 0.608229
3 16 -17.136 -4.995 -47.085 -17.504 -4.995 -46.828 -17.136 -4.473 -47.274 0.491333 0.608229 0.487772 0.608229 0.493970 0.600987
3 16 -17.504 -4.995 -46.828 -17.504 -4.473 -47.018 -17.136 -4.473 -47.274 0.487772 0.608229 0.490408 0.600987 0.493970 0.600987
3 16 -17.136 -4.473 -47.274 -17.504 -4.473 -47.018 -17.136 -4.048 -47.631 0.493970 0.600987 0.490408 0.600987 0.498924 0.595083
3 16 -17.504 -4.473 -47.018 -17.504 -3.864 -47.375 -17.136 -4.048 -47.631 0.490408 0.600987 0.495362 0.592524 0.498924 0.595083
3 16 -17.136 -6.497 -47.631 -17.504 -6.657 -47.375 -17.136 -6.072 -47.274 0.498924 0.629083 0.495362 0.631307 0.493970 0.623179
3 16 -17.504 -6.657 -47.375 -17.504 -6.072 -47.018 -17.136 -6.072 -47.274 0.495362 0.631307 0.490408 0.623179 0.493970 0.623179
3 16 -11.775 -4.048 -48.794 -15.267 -4.048 -48.794 -11.775 -3.864 -49.158 0.364756 0.757752 0.364756 0.811242 0.359180 0.757752
3 16 -15.267 -4.048 -48.794 -15.514 -3.864 -49.158 -11.775 -3.864 -49.158 0.364756 0.811242 0.359180 0.815021 0.359180 0.757752
3 16 -11.775 -4.473 -48.376 -15.267 -4.473 -48.376 -11.775 -4.048 -48.794 0.371167 0.757752 0.371167 0.811241 0.364756 0.757752
3 16 -15.267 -4.473 -48.376 -15.267 -4.048 -48.794 -11.775 -4.048 -48.794 0.371167 0.811241 0.364756 0.811242 0.364756 0.757752
3 16 -11.775 -4.995 -48.153 -15.267 -4.995 -48.153 -11.775 -4.473 -48.376 0.007840 0.147493 0.007840 0.196703 0.000489 0.147493
3 16 -15.267 -4.995 -48.153 -15.267 -4.473 -48.376 -11.775 -4.473 -48.376 0.007840 0.196703 0.000489 0.196703 0.000489 0.147493
3 16 -11.775 -5.550 -48.153 -15.267 -5.550 -48.153 -11.775 -4.995 -48.153 0.015663 0.147493 0.015663 0.196703 0.007840 0.147493
3 16 -15.267 -5.550 -48.153 -15.267 -4.995 -48.153 -11.775 -4.995 -48.153 0.015663 0.196703 0.007840 0.196703 0.007840 0.147493
3 16 -11.775 -6.072 -48.376 -15.267 -6.072 -48.376 -11.775 -5.550 -48.153 0.023014 0.147493 0.023014 0.196703 0.015663 0.147493
3 16 -15.267 -6.072 -48.376 -15.267 -5.550 -48.153 -11.775 -5.550 -48.153 0.023014 0.196703 0.015663 0.196703 0.015663 0.147493
3 16 -11.775 -6.497 -48.794 -15.267 -6.497 -48.794 -11.775 -6.072 -48.376 0.121574 0.860815 0.121574 0.913986 0.115200 0.860815
3 16 -15.267 -6.497 -48.794 -15.267 -6.072 -48.376 -11.775 -6.072 -48.376 0.121574 0.913986 0.115200 0.913986 0.115200 0.860815
3 16 -11.775 -6.657 -49.158 -15.514 -6.657 -49.158 -11.775 -6.497 -48.794 0.127117 0.860815 0.127117 0.917743 0.121574 0.860815
3 16 -15.514 -6.657 -49.158 -15.267 -6.497 -48.794 -11.775 -6.497 -48.794 0.127117 0.917743 0.121574 0.913986 0.121574 0.860815
3 16 -17.504 -5.550 -46.828 -17.504 -5.268 -45.625 -17.504 -4.995 -46.828 0.487772 0.615937 0.471068 0.612022 0.487772 0.608229
3 16 -17.504 -5.268 -45.625 -17.504 -3.045 -45.838 -17.504 -4.995 -46.828 0.471068 0.612022 0.474023 0.581162 0.487772 0.608229
3 16 -17.504 -5.550 -46.828 -17.504 -6.072 -47.018 -17.504 -5.268 -45.625 0.487772 0.615937 0.490408 0.623179 0.471068 0.612022
3 16 -17.504 -6.072 -47.018 -17.504 -7.433 -45.840 -17.504 -5.268 -45.625 0.490408 0.623179 0.474059 0.642083 0.471068 0.612022
3 16 -17.504 -6.657 -49.158 -17.504 -9.288 -49.158 -17.504 -6.657 -47.375 0.520123 0.631307 0.520123 0.667829 0.495362 0.631307
3 16 -17.504 -9.288 -49.158 -17.504 -9.022 -48.261 -17.504 -6.657 -47.375 0.520123 0.667829 0.507667 0.664139 0.495362 0.631307
3 16 -17.504 -3.864 -49.158 -17.504 -3.864 -47.375 -17.504 -1.213 -49.158 0.520123 0.592524 0.495362 0.592524 0.520123 0.555713
3 16 -17.504 -3.864 -47.375 -17.504 -1.424 -48.269 -17.504 -1.213 -49.158 0.495362 0.592524 0.507775 0.558650 0.520123 0.555713
3 16 -17.504 -6.072 -47.018 -17.504 -6.657 -47.375 -17.504 -7.433 -45.840 0.490408 0.623179 0.495362 0.631307 0.474059 0.642083
3 16 -17.504 -6.657 -47.375 -17.504 -9.022 -47.524 -17.504 -7.433 -45.840 0.495362 0.631307 0.497439 0.664139 0.474059 0.642083
3 16 -17.504 -4.473 -47.018 -17.504 -4.995 -46.828 -17.504 -3.864 -47.375 0.490408 0.600987 0.487772 0.608229 0.495362 0.592524
3 16 -17.504 -4.995 -46.828 -17.504 -3.045 -45.838 -17.504 -3.864 -47.375 0.487772 0.608229 0.474023 0.581162 0.495362 0.592524
3 16 -17.504 -3.045 -45.838 -17.504 -1.497 -47.524 -17.504 -3.864 -47.375 0.474023 0.581162 0.497439 0.559670 0.495362 0.592524
3 16 -11.775 -6.657 -49.158 -10.161 -6.680 -49.400 -11.245 -6.777 -49.416 0.127117 0.860815 0.130795 0.836240 0.131040 0.852740
3 16 -11.245 -6.777 -49.416 -10.161 -6.680 -49.400 -11.025 -6.887 -49.999 0.131040 0.852740 0.130795 0.836240 0.139926 0.849395
3 16 -10.161 -6.680 -49.400 -10.161 -6.830 -49.999 -11.025 -6.887 -49.999 0.130795 0.836240 0.139926 0.836240 0.139926 0.849395
3 16 -11.245 -3.716 -49.416 -10.161 -3.831 -49.400 -11.775 -3.864 -49.158 0.355233 0.749629 0.355480 0.733031 0.359180 0.757752
3 16 -11.025 -3.633 -49.999 -10.161 -3.700 -49.999 -11.245 -3.716 -49.416 0.346295 0.746264 0.346295 0.733031 0.355233 0.749629
3 16 -10.161 -3.700 -49.999 -10.161 -3.831 -49.400 -11.245 -3.716 -49.416 0.346295 0.733031 0.355480 0.733031 0.355233 0.749629
3 16 -11.775 -6.497 -48.794 -10.161 -6.481 -48.985 -11.775 -6.657 -49.158 0.121574 0.860815 0.124477 0.836240 0.127117 0.860815
3 16 -10.161 -6.481 -48.985 -10.161 -6.680 -49.400 -11.775 -6.657 -49.158 0.124477 0.836240 0.130795 0.836240 0.127117 0.860815
3 16 -11.775 -5.550 -48.153 -10.161 -5.546 -48.445 -11.775 -6.072 -48.376 0.015663 0.147493 0.015605 0.124750 0.023014 0.147493
3 16 -10.161 -5.546 -48.445 -10.161 -6.061 -48.632 -11.775 -6.072 -48.376 0.015605 0.124750 0.022864 0.124750 0.023014 0.147493
3 16 -11.775 -4.995 -48.153 -10.161 -4.998 -48.445 -11.775 -5.550 -48.153 0.007840 0.147493 0.007881 0.124750 0.015663 0.147493
3 16 -10.161 -4.998 -48.445 -10.161 -5.546 -48.445 -11.775 -5.550 -48.153 0.007881 0.124750 0.015605 0.124750 0.015663 0.147493
3 16 -11.775 -4.473 -48.376 -10.161 -4.483 -48.632 -11.775 -4.995 -48.153 0.000489 0.147493 0.000622 0.124750 0.007840 0.147493
3 16 -10.161 -4.483 -48.632 -10.161 -4.998 -48.445 -11.775 -4.995 -48.153 0.000622 0.124750 0.007881 0.124750 0.007840 0.147493
3 16 -11.775 -4.048 -48.794 -10.161 -4.063 -48.985 -11.775 -4.473 -48.376 0.364756 0.757752 0.361835 0.733031 0.371167 0.757752
3 16 -10.161 -4.063 -48.985 -10.161 -4.483 -48.632 -11.775 -4.473 -48.376 0.361835 0.733031 0.367232 0.733031 0.371167 0.757752
3 16 -11.775 -3.864 -49.158 -10.161 -3.831 -49.400 -11.775 -4.048 -48.794 0.359180 0.757752 0.355480 0.733031 0.364756 0.757752
3 16 -10.161 -3.831 -49.400 -10.161 -4.063 -48.985 -11.775 -4.048 -48.794 0.355480 0.733031 0.361835 0.733031 0.364756 0.757752
3 16 -11.775 -6.072 -48.376 -10.161 -6.061 -48.632 -11.775 -6.497 -48.794 0.115200 0.860815 0.119112 0.836240 0.121574 0.860815
3 16 -10.161 -6.061 -48.632 -10.161 -6.481 -48.985 -11.775 -6.497 -48.794 0.119112 0.836240 0.124477 0.836240 0.121574 0.860815
3 16 -11.720 -1.734 -52.050 -12.034 -1.734 -52.050 -11.775 -1.362 -50.841 0.093313 0.643375 0.093313 0.648076 0.075236 0.644203
3 16 -12.034 -1.734 -52.050 -15.504 -1.417 -51.714 -11.775 -1.362 -50.841 0.093313 0.648076 0.088281 0.699915 0.075236 0.644203
3 16 -15.504 -1.417 -51.714 -15.504 -1.213 -50.841 -11.775 -1.362 -50.841 0.088281 0.699915 0.075237 0.699915 0.075236 0.644203
3 16 -11.720 -1.734 -52.050 -11.708 -2.898 -53.277 -12.034 -1.734 -52.050 0.093313 0.643375 0.111640 0.643202 0.093313 0.648076
3 16 -11.708 -2.898 -53.277 -15.504 -2.898 -53.240 -12.034 -1.734 -52.050 0.111640 0.643202 0.111081 0.699915 0.093313 0.648076
3 16 -15.504 -2.898 -53.240 -15.504 -1.734 -52.050 -12.034 -1.734 -52.050 0.111081 0.699915 0.093313 0.699915 0.093313 0.648076
3 16 -11.708 -7.595 -53.277 -15.503 -7.587 -53.240 -11.720 -5.933 -54.036 0.933642 0.809424 0.933537 0.863239 0.910078 0.809591
3 16 -15.503 -7.587 -53.240 -15.504 -5.933 -54.036 -11.720 -5.933 -54.036 0.933537 0.863239 0.910078 0.863252 0.910078 0.809591
3 16 -11.720 -8.802 -52.050 -15.250 -8.802 -52.050 -11.708 -7.595 -53.277 0.368733 0.638128 0.368733 0.691000 0.350362 0.637951
3 16 -15.250 -8.802 -52.050 -15.504 -8.802 -52.050 -11.708 -7.595 -53.277 0.368733 0.691000 0.368733 0.694801 0.350362 0.637951
3 16 -15.504 -8.802 -52.050 -15.503 -7.587 -53.240 -11.708 -7.595 -53.277 0.368733 0.694801 0.350923 0.694787 0.350362 0.637951
3 16 -15.504 -3.098 -54.161 -15.504 -1.497 -52.474 -15.504 -2.898 -53.240 0.944561 0.494685 0.967661 0.472760 0.957181 0.491948
3 16 -15.504 -1.497 -52.474 -15.504 -1.734 -52.050 -15.504 -2.898 -53.240 0.967661 0.472760 0.973469 0.476006 0.957181 0.491948
3 16 -15.504 -7.433 -54.158 -15.504 -5.268 -54.374 -15.503 -7.587 -53.240 0.944597 0.554060 0.941647 0.524404 0.957181 0.556172
3 16 -15.504 -5.268 -54.374 -15.504 -5.933 -54.036 -15.503 -7.587 -53.240 0.941647 0.524404 0.946269 0.533514 0.957181 0.556172
3 16 -15.504 -9.022 -52.474 -15.504 -7.433 -54.158 -15.504 -8.802 -52.050 0.967661 0.575817 0.944597 0.554060 0.973469 0.572802
3 16 -15.504 -7.433 -54.158 -15.503 -7.587 -53.240 -15.504 -8.802 -52.050 0.944597 0.554060 0.957181 0.556172 0.973469 0.572802
3 16 -17.504 -1.213 -50.841 -15.504 -1.213 -50.841 -17.504 -1.424 -51.730 0.075237 0.729797 0.075237 0.699915 0.088525 0.729797
3 16 -15.504 -1.213 -50.841 -15.504 -1.417 -51.714 -17.504 -1.424 -51.730 0.075237 0.699915 0.088281 0.699915 0.088525 0.729797
3 16 -17.504 -3.045 -54.161 -17.504 -1.497 -52.474 -15.504 -3.098 -54.161 0.124847 0.729797 0.099648 0.729797 0.124847 0.699915
3 16 -17.504 -1.497 -52.474 -15.504 -1.497 -52.474 -15.504 -3.098 -54.161 0.099648 0.729797 0.099648 0.699915 0.124847 0.699915
3 16 -17.504 -5.268 -54.374 -17.504 -3.045 -54.161 -15.504 -5.268 -54.374 0.937821 0.888440 0.937821 0.857924 0.965280 0.888440
3 16 -17.504 -3.045 -54.161 -15.504 -3.098 -54.161 -15.504 -5.268 -54.374 0.937821 0.857924 0.965280 0.858649 0.965280 0.888440
3 16 -17.504 -7.433 -54.158 -17.504 -5.268 -54.374 -15.504 -7.433 -54.158 0.937821 0.918167 0.937821 0.888440 0.965280 0.918167
3 16 -17.504 -5.268 -54.374 -15.504 -5.268 -54.374 -15.504 -7.433 -54.158 0.937821 0.888440 0.965280 0.888440 0.965280 0.918167
3 16 -17.504 -9.022 -52.474 -17.504 -7.433 -54.158 -15.504 -9.022 -52.474 0.362383 0.724754 0.337164 0.724754 0.362383 0.694801
3 16 -17.504 -7.433 -54.158 -15.504 -7.433 -54.158 -15.504 -9.022 -52.474 0.337164 0.724754 0.337164 0.694801 0.362383 0.694801
3 16 -11.775 -9.138 -50.841 -15.504 -9.288 -50.841 -11.720 -8.802 -52.050 0.386852 0.638957 0.386852 0.694801 0.368733 0.638128
3 16 -15.504 -9.288 -50.841 -15.504 -9.022 -51.753 -11.720 -8.802 -52.050 0.386852 0.694801 0.373192 0.694801 0.368733 0.638128
3 16 -15.504 -9.022 -51.753 -15.250 -8.802 -52.050 -11.720 -8.802 -52.050 0.373192 0.694801 0.368733 0.691000 0.368733 0.638128
3 16 -17.504 -9.022 -51.738 -15.504 -9.022 -51.753 -17.504 -9.288 -50.841 0.373415 0.724754 0.373192 0.694801 0.386852 0.724754
3 16 -15.504 -9.022 -51.753 -15.504 -9.288 -50.841 -17.504 -9.288 -50.841 0.373192 0.694801 0.386852 0.694801 0.386852 0.724754
3 16 -7.851 -8.802 -52.050 -7.846 -9.288 -49.999 -11.245 -9.182 -50.583 0.368733 0.580188 0.399451 0.580106 0.390711 0.631015
3 16 -7.846 -9.288 -49.999 -11.025 -9.288 -49.999 -11.245 -9.182 -50.583 0.399451 0.580106 0.399451 0.627725 0.390711 0.631015
3 16 -5.890 -8.359 -51.795 -5.891 -7.296 -52.901 -5.004 -8.340 -51.784 0.518474 0.771259 0.518470 0.754908 0.531578 0.771418
3 16 -5.891 -7.296 -52.901 -5.004 -7.284 -52.889 -5.004 -8.340 -51.784 0.518470 0.754908 0.531578 0.755077 0.531578 0.771418
3 16 -5.891 -7.296 -52.901 -5.890 -5.848 -53.533 -5.004 -7.284 -52.889 0.472495 0.901248 0.472499 0.880779 0.485032 0.901075
3 16 -5.890 -5.848 -53.533 -5.004 -5.844 -53.511 -5.004 -7.284 -52.889 0.472499 0.880779 0.485032 0.880728 0.485032 0.901075
3 16 -5.890 -3.192 -52.901 -5.890 -2.173 -51.795 -5.004 -3.204 -52.889 0.499337 0.858982 0.499335 0.842686 0.512395 0.858814
3 16 -5.890 -2.173 -51.795 -5.004 -2.191 -51.784 -5.004 -3.204 -52.889 0.499335 0.842686 0.512395 0.842527 0.512395 0.858814
3 16 -7.846 -1.213 -49.999 -7.851 -1.734 -52.050 -11.025 -1.213 -49.999 0.062668 0.585496 0.093313 0.585572 0.062668 0.632997
3 16 -7.851 -1.734 -52.050 -11.245 -1.318 -50.583 -11.025 -1.213 -49.999 0.093313 0.585572 0.071386 0.636279 0.062668 0.632997
3 16 -11.720 -8.802 -52.050 -7.851 -8.802 -52.050 -11.775 -9.138 -50.841 0.368733 0.638128 0.368733 0.580188 0.386852 0.638957
3 16 -7.851 -8.802 -52.050 -11.245 -9.182 -50.583 -11.775 -9.138 -50.841 0.368733 0.580188 0.390711 0.631015 0.386852 0.638957
3 16 -11.708 -7.595 -53.277 -11.720 -5.933 -54.036 -7.852 -7.587 -53.299 0.933642 0.809424 0.910078 0.809591 0.933537 0.754745
3 16 -11.720 -5.933 -54.036 -7.851 -5.933 -54.036 -7.852 -7.587 -53.299 0.910078 0.809591 0.910078 0.754731 0.933537 0.754745
3 16 -11.720 -8.802 -52.050 -11.708 -7.595 -53.277 -7.851 -8.802 -52.050 0.368733 0.638128 0.350362 0.637951 0.368733 0.580188
3 16 -11.708 -7.595 -53.277 -7.852 -7.587 -53.299 -7.851 -8.802 -52.050 0.350362 0.637951 0.350032 0.580204 0.368733 0.580188
3 16 -11.708 -2.898 -53.277 -11.720 -1.734 -52.050 -7.851 -2.898 -53.299 0.111640 0.643202 0.093313 0.643375 0.111969 0.585565
3 16 -11.720 -1.734 -52.050 -7.851 -1.734 -52.050 -7.851 -2.898 -53.299 0.093313 0.643375 0.093313 0.585572 0.111969 0.585565
3 16 -5.890 -2.173 -51.795 -5.889 -1.716 -49.999 -5.004 -2.191 -51.784 0.499335 0.842686 0.499356 0.816240 0.512395 0.842527
3 16 -5.889 -1.716 -49.999 -5.004 -1.737 -49.999 -5.004 -2.191 -51.784 0.499356 0.816240 0.512395 0.816240 0.512395 0.842527
3 16 -5.890 -8.359 -51.795 -5.004 -8.340 -51.784 -5.889 -8.784 -49.999 0.518474 0.771259 0.531578 0.771418 0.518496 0.797793
3 16 -5.004 -8.340 -51.784 -5.004 -8.763 -49.999 -5.889 -8.784 -49.999 0.531578 0.771418 0.531578 0.797793 0.518496 0.797793
3 16 -7.851 -1.734 -52.050 -11.720 -1.734 -52.050 -11.245 -1.318 -50.583 0.093313 0.585572 0.093313 0.643375 0.071386 0.636279
3 16 -11.720 -1.734 -52.050 -11.775 -1.362 -50.841 -11.245 -1.318 -50.583 0.093313 0.643375 0.075236 0.644203 0.071386 0.636279
3 16 -17.504 -9.022 -52.474 -15.504 -9.022 -52.474 -17.504 -9.022 -51.738 0.362383 0.724754 0.362383 0.694801 0.373415 0.724754
3 16 -15.504 -9.022 -52.474 -15.504 -9.022 -51.753 -17.504 -9.022 -51.738 0.362383 0.694801 0.373192 0.694801 0.373415 0.724754
3 16 -17.504 -1.497 -52.474 -17.504 -1.424 -51.730 -15.504 -1.497 -52.474 0.099648 0.729797 0.088525 0.729797 0.099648 0.699915
3 16 -17.504 -1.424 -51.730 -15.504 -1.417 -51.714 -15.504 -1.497 -52.474 0.088525 0.729797 0.088281 0.699915 0.099648 0.699915
3 16 -15.504 -1.497 -52.474 -15.504 -1.417 -51.714 -15.504 -1.734 -52.050 0.967661 0.472760 0.978081 0.471660 0.973469 0.476006
3 16 -15.504 -9.022 -52.474 -15.504 -8.802 -52.050 -15.504 -9.022 -51.753 0.967661 0.575817 0.973469 0.572802 0.977546 0.575817
3 16 -5.890 -4.577 -53.533 -5.004 -4.581 -53.511 -5.890 -5.848 -53.533 0.472499 0.862811 0.485032 0.862868 0.472499 0.880779
3 16 -5.004 -4.581 -53.511 -5.004 -5.844 -53.511 -5.890 -5.848 -53.533 0.485032 0.862868 0.485032 0.880728 0.472499 0.880779
3 16 -7.851 -4.481 -54.036 -7.851 -5.933 -54.036 -11.720 -4.481 -54.036 0.889486 0.754731 0.910078 0.754731 0.889486 0.809591
3 16 -7.851 -5.933 -54.036 -11.720 -5.933 -54.036 -11.720 -4.481 -54.036 0.910078 0.754731 0.910078 0.809591 0.889486 0.809591
3 16 -11.720 -5.933 -54.036 -15.504 -5.933 -54.036 -11.720 -4.481 -54.036 0.910078 0.809591 0.910078 0.863252 0.889486 0.809591
3 16 -15.504 -5.933 -54.036 -15.504 -4.481 -54.036 -11.720 -4.481 -54.036 0.910078 0.863252 0.889486 0.863252 0.889486 0.809591
3 16 -5.890 -3.192 -52.901 -5.004 -3.204 -52.889 -5.890 -4.577 -53.533 0.472501 0.843227 0.485032 0.843402 0.472499 0.862811
3 16 -5.004 -3.204 -52.889 -5.004 -4.581 -53.511 -5.890 -4.577 -53.533 0.485032 0.843402 0.485032 0.862868 0.472499 0.862811
3 16 -11.708 -2.898 -53.277 -7.851 -2.898 -53.299 -11.720 -4.481 -54.036 0.867043 0.809427 0.867043 0.754723 0.889486 0.809591
3 16 -7.851 -2.898 -53.299 -7.851 -4.481 -54.036 -11.720 -4.481 -54.036 0.867043 0.754723 0.889486 0.754731 0.889486 0.809591
3 16 -11.720 -4.481 -54.036 -15.504 -4.481 -54.036 -11.708 -2.898 -53.277 0.889486 0.809591 0.889486 0.863252 0.867043 0.809427
3 16 -15.504 -4.481 -54.036 -15.504 -2.898 -53.240 -11.708 -2.898 -53.277 0.889486 0.863252 0.867043 0.863252 0.867043 0.809427
3 16 -15.504 -4.481 -54.036 -15.504 -5.933 -54.036 -15.504 -5.268 -54.374 0.946269 0.513625 0.946269 0.533514 0.941647 0.524404
3 16 -15.504 -3.098 -54.161 -15.504 -2.898 -53.240 -15.504 -5.268 -54.374 0.944561 0.494685 0.957181 0.491948 0.941647 0.524404
3 16 -15.504 -2.898 -53.240 -15.504 -4.481 -54.036 -15.504 -5.268 -54.374 0.957181 0.491948 0.946269 0.513625 0.941647 0.524404
3 16 -15.504 -8.802 -52.050 -15.250 -8.802 -52.050 -15.504 -9.022 -51.753 0.368733 0.694801 0.368733 0.691000 0.373192 0.694801
3 16 -17.504 -9.022 -51.738 -17.504 -9.288 -50.841 -17.504 -6.657 -52.594 0.483525 0.771261 0.471068 0.774951 0.495407 0.738429
3 16 -17.504 -9.288 -50.841 -17.504 -6.657 -50.841 -17.504 -6.657 -52.594 0.471068 0.774951 0.471068 0.738429 0.495407 0.738429
3 16 -17.504 -9.022 -52.474 -17.504 -9.022 -51.738 -17.504 -6.657 -52.594 0.493753 0.771261 0.483525 0.771261 0.495407 0.738429
3 16 -17.504 -7.433 -54.158 -17.504 -6.072 -52.950 -17.504 -5.268 -54.374 0.517132 0.749205 0.500362 0.730301 0.520123 0.719144
3 16 -17.504 -6.072 -52.950 -17.504 -5.550 -53.140 -17.504 -5.268 -54.374 0.500362 0.730301 0.502998 0.723059 0.520123 0.719144
3 16 -17.504 -4.473 -52.950 -17.504 -3.864 -52.594 -17.504 -4.995 -53.140 0.500362 0.708109 0.495407 0.699646 0.502998 0.715351
3 16 -17.504 -3.864 -52.594 -17.504 -1.497 -52.474 -17.504 -4.995 -53.140 0.495407 0.699646 0.493753 0.666792 0.502998 0.715351
3 16 -17.504 -1.497 -52.474 -17.504 -3.045 -54.161 -17.504 -4.995 -53.140 0.493753 0.666792 0.517168 0.688284 0.502998 0.715351
3 16 -17.504 -1.497 -52.474 -17.504 -3.864 -52.594 -17.504 -1.424 -51.730 0.493753 0.666792 0.495407 0.699646 0.483416 0.665773
3 16 -17.504 -1.424 -51.730 -17.504 -3.864 -52.594 -17.504 -1.213 -50.841 0.483416 0.665773 0.495407 0.699646 0.471068 0.662836
3 16 -17.504 -3.864 -52.594 -17.504 -3.864 -50.841 -17.504 -1.213 -50.841 0.495407 0.699646 0.471068 0.699646 0.471068 0.662836
3 16 -17.504 -3.045 -54.161 -17.504 -5.268 -54.374 -17.504 -4.995 -53.140 0.517168 0.688284 0.520123 0.719144 0.502998 0.715351
3 16 -17.504 -5.268 -54.374 -17.504 -5.550 -53.140 -17.504 -4.995 -53.140 0.520123 0.719144 0.502998 0.723059 0.502998 0.715351
3 16 -17.504 -9.022 -52.474 -17.504 -6.657 -52.594 -17.504 -7.433 -54.158 0.493753 0.771261 0.495407 0.738429 0.517132 0.749205
3 16 -17.504 -6.657 -52.594 -17.504 -6.072 -52.950 -17.504 -7.433 -54.158 0.495407 0.738429 0.500362 0.730301 0.517132 0.749205
3 16 -15.504 -1.213 -50.841 -15.514 -3.864 -50.841 -11.775 -1.362 -50.841 0.974297 0.824435 0.937821 0.824572 0.972245 0.773135
3 16 -15.514 -3.864 -50.841 -11.775 -3.864 -50.841 -11.775 -1.362 -50.841 0.937821 0.824572 0.937821 0.773135 0.972245 0.773135
3 16 -11.775 -1.362 -50.841 -11.775 -3.864 -50.841 -11.245 -1.318 -50.583 0.972245 0.773135 0.937821 0.773135 0.972846 0.765839
3 16 -11.775 -3.864 -50.841 -11.245 -3.716 -50.583 -11.245 -1.318 -50.583 0.937821 0.773135 0.939860 0.765839 0.972846 0.765839
3 16 -11.025 -1.213 -49.999 -11.245 -1.318 -50.583 -11.025 -3.633 -49.999 0.089093 0.857691 0.097355 0.859185 0.089093 0.891955
3 16 -11.245 -1.318 -50.583 -11.245 -3.716 -50.583 -11.025 -3.633 -49.999 0.097355 0.859185 0.097355 0.893129 0.089093 0.891955
3 16 -11.775 -6.657 -50.841 -15.514 -6.657 -50.841 -11.775 -9.138 -50.841 0.974012 0.681081 0.974012 0.732519 0.939873 0.681081
3 16 -15.514 -6.657 -50.841 -15.504 -9.288 -50.841 -11.775 -9.138 -50.841 0.974012 0.732519 0.937821 0.732382 0.939873 0.681081
3 16 -11.245 -6.777 -50.583 -11.775 -6.657 -50.841 -11.245 -9.182 -50.583 0.972355 0.673784 0.974012 0.681081 0.939272 0.673784
3 16 -11.775 -6.657 -50.841 -11.775 -9.138 -50.841 -11.245 -9.182 -50.583 0.974012 0.681081 0.939873 0.681081 0.939272 0.673784
3 16 -11.025 -6.887 -49.999 -11.245 -6.777 -50.583 -11.025 -9.288 -49.999 0.379857 0.851582 0.388119 0.850024 0.379857 0.885561
3 16 -11.245 -6.777 -50.583 -11.245 -9.182 -50.583 -11.025 -9.288 -49.999 0.388119 0.850024 0.388119 0.884068 0.379857 0.885561
3 16 -15.504 -9.288 -50.841 -15.514 -6.657 -50.841 -17.504 -9.288 -50.841 0.937821 0.732382 0.974012 0.732519 0.937821 0.759899
3 16 -15.514 -6.657 -50.841 -17.504 -6.657 -50.841 -17.504 -9.288 -50.841 0.974012 0.732519 0.974012 0.759899 0.937821 0.759899
3 16 -15.504 -1.734 -52.050 -15.504 -1.417 -51.714 -12.034 -1.734 -52.050 0.093313 0.699915 0.088281 0.699915 0.093313 0.648076
3 16 -17.504 -3.864 -50.841 -15.514 -3.864 -50.841 -17.504 -1.213 -50.841 0.937821 0.851951 0.937821 0.824572 0.974297 0.851951
3 16 -15.514 -3.864 -50.841 -15.504 -1.213 -50.841 -17.504 -1.213 -50.841 0.937821 0.824572 0.974297 0.824435 0.974297 0.851951
3 16 -15.514 -6.657 -50.841 -15.267 -6.497 -51.205 -17.504 -6.657 -50.841 0.152734 0.917743 0.158277 0.913986 0.152734 0.948044
3 16 -15.267 -6.497 -51.205 -17.112 -6.497 -51.205 -17.504 -6.657 -50.841 0.158277 0.913986 0.158277 0.942071 0.152734 0.948044
3 16 -15.267 -6.072 -51.623 -15.267 -5.550 -51.846 -17.112 -6.072 -51.623 0.000489 0.093405 0.007840 0.093405 0.000489 0.119398
3 16 -15.267 -5.550 -51.846 -17.112 -5.550 -51.846 -17.112 -6.072 -51.623 0.007840 0.093405 0.007840 0.119398 0.000489 0.119398
3 16 -15.267 -5.550 -51.846 -15.267 -4.995 -51.846 -17.112 -5.550 -51.846 0.007840 0.093405 0.015663 0.093405 0.007840 0.119398
3 16 -15.267 -4.995 -51.846 -17.112 -4.995 -51.846 -17.112 -5.550 -51.846 0.015663 0.093405 0.015663 0.119398 0.007840 0.119398
3 16 -15.267 -4.995 -51.846 -15.267 -4.473 -51.623 -17.112 -4.995 -51.846 0.015663 0.093405 0.023014 0.093405 0.015663 0.119398
3 16 -15.267 -4.473 -51.623 -17.112 -4.473 -51.623 -17.112 -4.995 -51.846 0.023014 0.093405 0.023014 0.119397 0.015663 0.119398
3 16 -15.267 -4.473 -51.623 -15.267 -4.048 -51.205 -17.112 -4.473 -51.623 0.321422 0.811241 0.327833 0.811242 0.321422 0.839494
3 16 -15.267 -4.048 -51.205 -17.112 -4.048 -51.205 -17.112 -4.473 -51.623 0.327833 0.811242 0.327833 0.839495 0.321422 0.839494
3 16 -15.267 -4.048 -51.205 -15.514 -3.864 -50.841 -17.112 -4.048 -51.205 0.327833 0.811242 0.333409 0.815021 0.327833 0.839495
3 16 -15.514 -3.864 -50.841 -17.504 -3.864 -50.841 -17.112 -4.048 -51.205 0.333409 0.815021 0.333409 0.845503 0.327833 0.839495
3 16 -15.267 -6.497 -51.205 -15.267 -6.072 -51.623 -17.112 -6.497 -51.205 0.158277 0.913986 0.164651 0.913986 0.158277 0.942071
3 16 -15.267 -6.072 -51.623 -17.112 -6.072 -51.623 -17.112 -6.497 -51.205 0.164651 0.913986 0.164651 0.942071 0.158277 0.942071
3 16 -17.136 -6.497 -52.337 -17.504 -6.657 -52.594 -17.112 -6.497 -51.205 0.175521 0.942439 0.179427 0.948044 0.158277 0.942071
3 16 -17.504 -6.657 -52.594 -17.504 -6.657 -50.841 -17.112 -6.497 -51.205 0.179427 0.948044 0.152734 0.948044 0.158277 0.942071
3 16 -17.504 -3.864 -52.594 -17.136 -4.048 -52.337 -17.504 -3.864 -50.841 0.306557 0.845503 0.310487 0.839865 0.333409 0.845503
3 16 -17.136 -4.048 -52.337 -17.112 -4.048 -51.205 -17.504 -3.864 -50.841 0.310487 0.839865 0.327833 0.839495 0.333409 0.845503
3 16 -17.136 -5.550 -52.884 -17.136 -6.072 -52.694 -17.112 -5.550 -51.846 0.499436 0.723059 0.496800 0.730301 0.485026 0.723059
3 16 -17.136 -6.072 -52.694 -17.112 -6.072 -51.623 -17.112 -5.550 -51.846 0.496800 0.730301 0.481934 0.730301 0.485026 0.723059
3 16 -17.136 -4.995 -52.884 -17.136 -5.550 -52.884 -17.112 -4.995 -51.846 0.499436 0.715351 0.499436 0.723059 0.485026 0.715351
3 16 -17.136 -5.550 -52.884 -17.112 -5.550 -51.846 -17.112 -4.995 -51.846 0.499436 0.723059 0.485026 0.723059 0.485026 0.715351
3 16 -17.136 -4.473 -52.694 -17.136 -4.995 -52.884 -17.112 -4.473 -51.623 0.496800 0.708109 0.499436 0.715351 0.481934 0.708109
3 16 -17.136 -4.995 -52.884 -17.112 -4.995 -51.846 -17.112 -4.473 -51.623 0.499436 0.715351 0.485026 0.715351 0.481934 0.708109
3 16 -17.136 -4.048 -52.337 -17.136 -4.473 -52.694 -17.112 -4.048 -51.205 0.491845 0.702205 0.496800 0.708109 0.476122 0.702205
3 16 -17.136 -4.473 -52.694 -17.112 -4.473 -51.623 -17.112 -4.048 -51.205 0.496800 0.708109 0.481934 0.708109 0.476122 0.702205
3 16 -17.136 -6.072 -52.694 -17.136 -6.497 -52.337 -17.112 -6.072 -51.623 0.496800 0.730301 0.491845 0.736205 0.481934 0.730301
3 16 -17.136 -6.497 -52.337 -17.112 -6.497 -51.205 -17.112 -6.072 -51.623 0.491845 0.736205 0.476122 0.736205 0.481934 0.730301
3 16 -17.504 -5.550 -53.140 -17.504 -6.072 -52.950 -17.136 -5.550 -52.884 0.502998 0.723059 0.500362 0.730301 0.499436 0.723059
3 16 -17.504 -6.072 -52.950 -17.136 -6.072 -52.694 -17.136 -5.550 -52.884 0.500362 0.730301 0.496800 0.730301 0.499436 0.723059
3 16 -17.504 -4.995 -53.140 -17.504 -5.550 -53.140 -17.136 -4.995 -52.884 0.502998 0.715351 0.502998 0.723059 0.499436 0.715351
3 16 -17.504 -5.550 -53.140 -17.136 -5.550 -52.884 -17.136 -4.995 -52.884 0.502998 0.723059 0.499436 0.723059 0.499436 0.715351
3 16 -17.504 -4.473 -52.950 -17.504 -4.995 -53.140 -17.136 -4.473 -52.694 0.500362 0.708109 0.502998 0.715351 0.496800 0.708109
3 16 -17.504 -4.995 -53.140 -17.136 -4.995 -52.884 -17.136 -4.473 -52.694 0.502998 0.715351 0.499436 0.715351 0.496800 0.708109
3 16 -17.504 -3.864 -52.594 -17.504 -4.473 -52.950 -17.136 -4.048 -52.337 0.495407 0.699646 0.500362 0.708109 0.491845 0.702205
3 16 -17.504 -4.473 -52.950 -17.136 -4.473 -52.694 -17.136 -4.048 -52.337 0.500362 0.708109 0.496800 0.708109 0.491845 0.702205
3 16 -17.504 -6.072 -52.950 -17.504 -6.657 -52.594 -17.136 -6.072 -52.694 0.500362 0.730301 0.495407 0.738429 0.496800 0.730301
3 16 -17.504 -6.657 -52.594 -17.136 -6.497 -52.337 -17.136 -6.072 -52.694 0.495407 0.738429 0.491845 0.736205 0.496800 0.730301
3 16 -11.775 -3.864 -50.841 -15.514 -3.864 -50.841 -11.775 -4.048 -51.205 0.333409 0.757752 0.333409 0.815021 0.327833 0.757752
3 16 -15.514 -3.864 -50.841 -15.267 -4.048 -51.205 -11.775 -4.048 -51.205 0.333409 0.815021 0.327833 0.811242 0.327833 0.757752
3 16 -11.775 -4.048 -51.205 -15.267 -4.048 -51.205 -11.775 -4.473 -51.623 0.327833 0.757752 0.327833 0.811242 0.321422 0.757752
3 16 -15.267 -4.048 -51.205 -15.267 -4.473 -51.623 -11.775 -4.473 -51.623 0.327833 0.811242 0.321422 0.811241 0.321422 0.757752
3 16 -11.775 -4.473 -51.623 -15.267 -4.473 -51.623 -11.775 -4.995 -51.846 0.023014 0.044195 0.023014 0.093405 0.015663 0.044195
3 16 -15.267 -4.473 -51.623 -15.267 -4.995 -51.846 -11.775 -4.995 -51.846 0.023014 0.093405 0.015663 0.093405 0.015663 0.044195
3 16 -11.775 -4.995 -51.846 -15.267 -4.995 -51.846 -11.775 -5.550 -51.846 0.015663 0.044195 0.015663 0.093405 0.007840 0.044195
3 16 -15.267 -4.995 -51.846 -15.267 -5.550 -51.846 -11.775 -5.550 -51.846 0.015663 0.093405 0.007840 0.093405 0.007840 0.044195
3 16 -11.775 -5.550 -51.846 -15.267 -5.550 -51.846 -11.775 -6.072 -51.623 0.007840 0.044195 0.007840 0.093405 0.000489 0.044195
3 16 -15.267 -5.550 -51.846 -15.267 -6.072 -51.623 -11.775 -6.072 -51.623 0.007840 0.093405 0.000489 0.093405 0.000489 0.044195
3 16 -11.775 -6.072 -51.623 -15.267 -6.072 -51.623 -11.775 -6.497 -51.205 0.164651 0.860815 0.164651 0.913986 0.158277 0.860815
3 16 -15.267 -6.072 -51.623 -15.267 -6.497 -51.205 -11.775 -6.497 -51.205 0.164651 0.913986 0.158277 0.913986 0.158277 0.860815
3 16 -11.775 -6.497 -51.205 -15.267 -6.497 -51.205 -11.775 -6.657 -50.841 0.158277 0.860815 0.158277 0.913986 0.152734 0.860815
3 16 -15.267 -6.497 -51.205 -15.514 -6.657 -50.841 -11.775 -6.657 -50.841 0.158277 0.913986 0.152734 0.917743 0.152734 0.860815
3 16 -10.161 -6.680 -50.599 -11.775 -6.657 -50.841 -11.245 -6.777 -50.583 0.149056 0.836240 0.152734 0.860815 0.148811 0.852740
3 16 -10.161 -6.830 -49.999 -10.161 -6.680 -50.599 -11.025 -6.887 -49.999 0.139926 0.836240 0.149056 0.836240 0.139926 0.849395
3 16 -10.161 -6.680 -50.599 -11.245 -6.777 -50.583 -11.025 -6.887 -49.999 0.149056 0.836240 0.148811 0.852740 0.139926 0.849395
3 16 -10.161 -3.831 -50.599 -11.245 -3.716 -50.583 -11.775 -3.864 -50.841 0.337109 0.733031 0.337356 0.749629 0.333409 0.757752
3 16 -10.161 -3.831 -50.599 -10.161 -3.700 -49.999 -11.245 -3.716 -50.583 0.337109 0.733031 0.346295 0.733031 0.337356 0.749629
3 16 -10.161 -3.700 -49.999 -11.025 -3.633 -49.999 -11.245 -3.716 -50.583 0.346295 0.733031 0.346295 0.746264 0.337356 0.749629
3 16 -10.161 -6.680 -50.599 -10.161 -6.481 -51.014 -11.775 -6.657 -50.841 0.149056 0.836240 0.155374 0.836240 0.152734 0.860815
3 16 -10.161 -6.481 -51.014 -11.775 -6.497 -51.205 -11.775 -6.657 -50.841 0.155374 0.836240 0.158277 0.860815 0.152734 0.860815
3 16 -10.161 -6.061 -51.366 -10.161 -5.546 -51.554 -11.775 -6.072 -51.623 0.000638 0.021452 0.007897 0.021452 0.000489 0.044195
3 16 -10.161 -5.546 -51.554 -11.775 -5.550 -51.846 -11.775 -6.072 -51.623 0.007897 0.021452 0.007840 0.044195 0.000489 0.044195
3 16 -10.161 -5.546 -51.554 -10.161 -4.998 -51.554 -11.775 -5.550 -51.846 0.007897 0.021452 0.015622 0.021452 0.007840 0.044195
3 16 -10.161 -4.998 -51.554 -11.775 -4.995 -51.846 -11.775 -5.550 -51.846 0.015622 0.021452 0.015663 0.044195 0.007840 0.044195
3 16 -10.161 -4.998 -51.554 -10.161 -4.483 -51.366 -11.775 -4.995 -51.846 0.015622 0.021452 0.022881 0.021452 0.015663 0.044195
3 16 -10.161 -4.483 -51.366 -11.775 -4.473 -51.623 -11.775 -4.995 -51.846 0.022881 0.021452 0.023014 0.044195 0.015663 0.044195
3 16 -10.161 -4.483 -51.366 -10.161 -4.063 -51.014 -11.775 -4.473 -51.623 0.325357 0.733031 0.330754 0.733031 0.321422 0.757752
3 16 -10.161 -4.063 -51.014 -11.775 -4.048 -51.205 -11.775 -4.473 -51.623 0.330754 0.733031 0.327833 0.757752 0.321422 0.757752
3 16 -10.161 -4.063 -51.014 -10.161 -3.831 -50.599 -11.775 -4.048 -51.205 0.330754 0.733031 0.337109 0.733031 0.327833 0.757752
3 16 -10.161 -3.831 -50.599 -11.775 -3.864 -50.841 -11.775 -4.048 -51.205 0.337109 0.733031 0.333409 0.757752 0.327833 0.757752
3 16 -10.161 -6.481 -51.014 -10.161 -6.061 -51.366 -11.775 -6.497 -51.205 0.155374 0.836240 0.160739 0.836240 0.158277 0.860815
3 16 -10.161 -6.061 -51.366 -11.775 -6.072 -51.623 -11.775 -6.497 -51.205 0.160739 0.836240 0.164651 0.860815 0.158277 0.860815
3 16 -10.161 -6.680 -49.400 -8.800 -5.865 -49.671 -10.161 -6.830 -49.999 0.884042 0.922294 0.888875 0.907777 0.894720 0.924962
3 16 -8.800 -5.865 -49.671 -8.800 -5.961 -49.999 -10.161 -6.830 -49.999 0.888875 0.907777 0.894720 0.909490 0.894720 0.924962
3 16 -10.161 -3.700 -49.999 -8.800 -4.569 -49.999 -10.161 -3.831 -49.400 0.894720 0.869222 0.894720 0.884694 0.884042 0.871565
3 16 -8.800 -4.569 -49.999 -8.800 -4.661 -49.671 -10.161 -3.831 -49.400 0.894720 0.884694 0.888875 0.886348 0.884042 0.871565
3 16 -10.161 -6.481 -48.985 -8.800 -5.865 -49.671 -10.161 -6.680 -49.400 0.876655 0.918747 0.888875 0.907777 0.884042 0.922294
3 16 -10.161 -5.546 -48.445 -8.800 -5.268 -49.308 -10.161 -6.061 -48.632 0.867043 0.902098 0.882408 0.897148 0.870381 0.911270
3 16 -8.800 -5.268 -49.308 -8.800 -5.619 -49.391 -10.161 -6.061 -48.632 0.882408 0.897148 0.883893 0.903399 0.870381 0.911270
3 16 -10.161 -4.998 -48.445 -8.800 -5.268 -49.308 -10.161 -5.546 -48.445 0.867043 0.892337 0.882408 0.897148 0.867043 0.902098
3 16 -10.161 -4.483 -48.632 -8.800 -4.917 -49.391 -10.161 -4.998 -48.445 0.870381 0.883165 0.883893 0.890897 0.867043 0.892337
3 16 -8.800 -4.917 -49.391 -8.800 -5.268 -49.308 -10.161 -4.998 -48.445 0.883893 0.890897 0.882408 0.897148 0.867043 0.892337
3 16 -10.161 -4.063 -48.985 -8.800 -4.661 -49.671 -10.161 -4.483 -48.632 0.876655 0.875688 0.888875 0.886348 0.870381 0.883165
3 16 -8.800 -4.661 -49.671 -8.800 -4.917 -49.391 -10.161 -4.483 -48.632 0.888875 0.886348 0.883893 0.890897 0.870381 0.883165
3 16 -10.161 -3.831 -49.400 -8.800 -4.661 -49.671 -10.161 -4.063 -48.985 0.884042 0.871565 0.888875 0.886348 0.876655 0.875688
3 16 -10.161 -6.061 -48.632 -8.800 -5.619 -49.391 -10.161 -6.481 -48.985 0.870381 0.911270 0.883893 0.903399 0.876655 0.918747
3 16 -8.800 -5.619 -49.391 -8.800 -5.865 -49.671 -10.161 -6.481 -48.985 0.883893 0.903399 0.888875 0.907777 0.876655 0.918747
3 16 -10.161 -6.830 -49.999 -8.800 -5.961 -49.999 -10.161 -6.680 -50.599 0.894720 0.924962 0.894720 0.909490 0.905397 0.922294
3 16 -8.800 -5.961 -49.999 -8.800 -5.865 -50.328 -10.161 -6.680 -50.599 0.894720 0.909490 0.900565 0.907777 0.905397 0.922294
3 16 -10.161 -3.831 -50.599 -8.800 -4.661 -50.328 -10.161 -3.700 -49.999 0.905397 0.871565 0.900565 0.886348 0.894720 0.869222
3 16 -8.800 -4.661 -50.328 -8.800 -4.569 -49.999 -10.161 -3.700 -49.999 0.900565 0.886348 0.894720 0.884694 0.894720 0.869222
3 16 -10.161 -6.680 -50.599 -8.800 -5.865 -50.328 -10.161 -6.481 -51.014 0.905397 0.922294 0.900565 0.907777 0.912785 0.918747
3 16 -10.161 -6.061 -51.366 -8.800 -5.619 -50.607 -10.161 -5.546 -51.554 0.919059 0.911270 0.905547 0.903399 0.922397 0.902098
3 16 -8.800 -5.619 -50.607 -8.800 -5.268 -50.691 -10.161 -5.546 -51.554 0.905547 0.903399 0.907032 0.897148 0.922397 0.902098
3 16 -10.161 -5.546 -51.554 -8.800 -5.268 -50.691 -10.161 -4.998 -51.554 0.922397 0.902098 0.907032 0.897148 0.922397 0.892337
3 16 -10.161 -4.998 -51.554 -8.800 -5.268 -50.691 -10.161 -4.483 -51.366 0.922397 0.892337 0.907032 0.897148 0.919059 0.883165
3 16 -8.800 -5.268 -50.691 -8.800 -4.917 -50.607 -10.161 -4.483 -51.366 0.907032 0.897148 0.905547 0.890897 0.919059 0.883165
3 16 -10.161 -4.483 -51.366 -8.800 -4.917 -50.607 -10.161 -4.063 -51.014 0.919059 0.883165 0.905547 0.890897 0.912785 0.875688
3 16 -8.800 -4.917 -50.607 -8.800 -4.661 -50.328 -10.161 -4.063 -51.014 0.905547 0.890897 0.900565 0.886348 0.912785 0.875688
3 16 -10.161 -4.063 -51.014 -8.800 -4.661 -50.328 -10.161 -3.831 -50.599 0.912785 0.875688 0.900565 0.886348 0.905397 0.871565
3 16 -10.161 -6.481 -51.014 -8.800 -5.865 -50.328 -10.161 -6.061 -51.366 0.912785 0.918747 0.900565 0.907777 0.919059 0.911270
3 16 -8.800 -5.865 -50.328 -8.800 -5.619 -50.607 -10.161 -6.061 -51.366 0.900565 0.907777 0.905547 0.903399 0.919059 0.911270
3 16 -8.800 -5.865 -49.671 -8.800 -5.267 -49.999 -8.800 -5.961 -49.999 0.888875 0.907777 0.894720 0.897129 0.894720 0.909490
3 16 -8.800 -4.661 -50.328 -8.800 -5.267 -49.999 -8.800 -4.569 -49.999 0.900565 0.886348 0.894720 0.897129 0.894720 0.884694
3 16 -8.800 -4.917 -50.607 -8.800 -5.268 -50.691 -8.800 -4.661 -50.328 0.905547 0.890897 0.907032 0.897148 0.900565 0.886348
3 16 -8.800 -5.268 -50.691 -8.800 -5.267 -49.999 -8.800 -4.661 -50.328 0.907032 0.897148 0.894720 0.897129 0.900565 0.886348
3 16 -8.800 -5.865 -50.328 -8.800 -5.267 -49.999 -8.800 -5.619 -50.607 0.900565 0.907777 0.894720 0.897129 0.905547 0.903399
3 16 -8.800 -5.267 -49.999 -8.800 -5.268 -50.691 -8.800 -5.619 -50.607 0.894720 0.897129 0.907032 0.897148 0.905547 0.903399
3 16 -8.800 -5.267 -49.999 -8.800 -5.865 -50.328 -8.800 -5.961 -49.999 0.894720 0.897129 0.900565 0.907777 0.894720 0.909490
3 16 -8.800 -5.268 -49.308 -8.800 -5.267 -49.999 -8.800 -5.619 -49.391 0.882408 0.897148 0.894720 0.897129 0.883893 0.903399
3 16 -8.800 -5.267 -49.999 -8.800 -5.865 -49.671 -8.800 -5.619 -49.391 0.894720 0.897129 0.888875 0.907777 0.883893 0.903399
3 16 -8.800 -5.267 -49.999 -8.800 -5.268 -49.308 -8.800 -4.661 -49.671 0.894720 0.897129 0.882408 0.897148 0.888875 0.886348
3 16 -8.800 -5.268 -49.308 -8.800 -4.917 -49.391 -8.800 -4.661 -49.671 0.882408 0.897148 0.883893 0.890897 0.888875 0.886348
3 16 -8.800 -5.267 -49.999 -8.800 -4.661 -49.671 -8.800 -4.569 -49.999 0.894720 0.897129 0.888875 0.886348 0.894720 0.884694
3 16 -6.390 -9.288 -49.999 -6.393 -8.802 -47.948 -6.693 -9.288 -49.999 0.399451 0.558309 0.430168 0.558349 0.399451 0.562844
3 16 -6.393 -8.802 -47.948 -6.696 -8.802 -47.948 -6.693 -9.288 -49.999 0.430168 0.558349 0.430168 0.562892 0.399451 0.562844
3 16 -6.696 -8.802 -52.050 -6.393 -8.802 -52.050 -6.693 -9.288 -49.999 0.368733 0.562892 0.368733 0.558349 0.399451 0.562844
3 16 -6.393 -8.802 -52.050 -6.390 -9.288 -49.999 -6.693 -9.288 -49.999 0.368733 0.558349 0.399451 0.558309 0.399451 0.562844
3 16 -6.393 -8.802 -52.050 -6.696 -8.802 -52.050 -6.393 -7.587 -53.310 0.368733 0.558349 0.368733 0.562892 0.349863 0.558356
3 16 -6.696 -8.802 -52.050 -6.697 -7.587 -53.308 -6.393 -7.587 -53.310 0.368733 0.562892 0.349898 0.562902 0.349863 0.558356
3 16 -6.393 -7.587 -53.310 -6.697 -7.587 -53.308 -6.393 -5.933 -54.036 0.933537 0.734059 0.933537 0.738363 0.910078 0.734052
3 16 -6.697 -7.587 -53.308 -6.696 -5.933 -54.036 -6.393 -5.933 -54.036 0.933537 0.738363 0.910078 0.738354 0.910078 0.734052
3 16 -6.696 -4.481 -54.036 -6.393 -4.481 -54.036 -6.696 -5.933 -54.036 0.889486 0.738354 0.889486 0.734052 0.910078 0.738354
3 16 -6.393 -4.481 -54.036 -6.393 -5.933 -54.036 -6.696 -5.933 -54.036 0.889486 0.734052 0.910078 0.734052 0.910078 0.738354
3 16 -6.696 -2.898 -53.308 -6.393 -2.898 -53.310 -6.696 -4.481 -54.036 0.867043 0.738350 0.867043 0.734048 0.889486 0.738354
3 16 -6.393 -2.898 -53.310 -6.393 -4.481 -54.036 -6.696 -4.481 -54.036 0.867043 0.734048 0.889486 0.734052 0.889486 0.738354
3 16 -6.393 -2.898 -53.310 -6.696 -2.898 -53.308 -6.393 -1.734 -52.050 0.112139 0.563781 0.112103 0.568313 0.093313 0.563784
3 16 -6.696 -2.898 -53.308 -6.696 -1.734 -52.050 -6.393 -1.734 -52.050 0.112103 0.568313 0.093313 0.568317 0.093313 0.563784
3 16 -6.393 -1.734 -52.050 -6.696 -1.734 -52.050 -6.390 -1.213 -49.999 0.093313 0.563784 0.093313 0.568317 0.062668 0.563747
3 16 -6.696 -1.734 -52.050 -6.693 -1.213 -49.999 -6.390 -1.213 -49.999 0.093313 0.568317 0.062668 0.568272 0.062668 0.563747
3 16 -6.390 -1.213 -49.999 -6.693 -1.213 -49.999 -6.393 -1.734 -47.948 0.062668 0.563747 0.062668 0.568272 0.032023 0.563784
3 16 -6.693 -1.213 -49.999 -6.696 -1.734 -47.948 -6.393 -1.734 -47.948 0.062668 0.568272 0.032023 0.568317 0.032023 0.563784
3 16 -6.393 -1.734 -47.948 -6.696 -1.734 -47.948 -6.393 -2.898 -46.688 0.032023 0.563784 0.032023 0.568317 0.013197 0.563781
3 16 -6.696 -1.734 -47.948 -6.696 -2.898 -46.691 -6.393 -2.898 -46.688 0.032023 0.568317 0.013232 0.568313 0.013197 0.563781
3 16 -6.393 -4.481 -45.963 -6.393 -2.898 -46.688 -6.696 -4.481 -45.963 0.756252 0.734054 0.778696 0.734050 0.756252 0.738356
3 16 -6.393 -2.898 -46.688 -6.696 -2.898 -46.691 -6.696 -4.481 -45.963 0.778696 0.734050 0.778696 0.738352 0.756252 0.738356
3 16 -6.393 -5.933 -45.963 -6.393 -4.481 -45.963 -6.696 -5.933 -45.963 0.735660 0.734054 0.756252 0.734054 0.735660 0.738356
3 16 -6.393 -4.481 -45.963 -6.696 -4.481 -45.963 -6.696 -5.933 -45.963 0.756252 0.734054 0.756252 0.738356 0.735660 0.738356
3 16 -6.393 -5.933 -45.963 -6.696 -5.933 -45.963 -6.393 -7.587 -46.688 0.735660 0.734054 0.735660 0.738356 0.712201 0.734061
3 16 -6.696 -5.933 -45.963 -6.697 -7.587 -46.691 -6.393 -7.587 -46.688 0.735660 0.738356 0.712201 0.738365 0.712201 0.734061
3 16 -6.393 -7.587 -46.688 -6.697 -7.587 -46.691 -6.393 -8.802 -47.948 0.449039 0.558356 0.449003 0.562902 0.430168 0.558349
3 16 -6.697 -7.587 -46.691 -6.696 -8.802 -47.948 -6.393 -8.802 -47.948 0.449003 0.562902 0.430168 0.562892 0.430168 0.558349
3 16 -5.889 -8.784 -49.999 -5.890 -8.359 -48.204 -6.390 -9.288 -49.999 0.063314 0.850053 0.091271 0.843429 0.063314 0.857852
3 16 -5.890 -8.359 -48.204 -6.393 -8.802 -47.948 -6.390 -9.288 -49.999 0.091271 0.843429 0.095233 0.850289 0.063314 0.857852
3 16 -6.393 -8.802 -52.050 -5.890 -8.359 -51.795 -6.390 -9.288 -49.999 0.031394 0.850289 0.035356 0.843429 0.063314 0.857852
3 16 -5.890 -8.359 -51.795 -5.889 -8.784 -49.999 -6.390 -9.288 -49.999 0.035356 0.843429 0.063314 0.850053 0.063314 0.857852
3 16 -5.890 -8.359 -51.795 -6.393 -8.802 -52.050 -5.891 -7.296 -52.901 0.035356 0.843429 0.031394 0.850289 0.018138 0.826879
3 16 -6.393 -8.802 -52.050 -6.393 -7.587 -53.310 -5.891 -7.296 -52.901 0.031394 0.850289 0.011785 0.831394 0.018138 0.826879
3 16 -5.891 -7.296 -52.901 -6.393 -7.587 -53.310 -5.890 -5.848 -53.533 0.018138 0.826879 0.011785 0.831394 0.008287 0.804329
3 16 -6.393 -7.587 -53.310 -6.393 -5.933 -54.036 -5.890 -5.848 -53.533 0.011785 0.831394 0.000489 0.805649 0.008287 0.804329
3 16 -6.393 -4.481 -54.036 -5.890 -4.577 -53.533 -6.393 -5.933 -54.036 0.000489 0.783050 0.008287 0.784535 0.000489 0.805649
3 16 -5.890 -4.577 -53.533 -5.890 -5.848 -53.533 -6.393 -5.933 -54.036 0.008287 0.784535 0.008287 0.804329 0.000489 0.805649
3 16 -6.393 -2.898 -53.310 -5.890 -3.192 -52.901 -6.393 -4.481 -54.036 0.011785 0.758419 0.018138 0.762961 0.000489 0.783050
3 16 -5.890 -3.192 -52.901 -5.890 -4.577 -53.533 -6.393 -4.481 -54.036 0.018138 0.762961 0.008287 0.784535 0.000489 0.783050
3 16 -5.890 -3.192 -52.901 -6.393 -2.898 -53.310 -5.890 -2.173 -51.795 0.018138 0.762961 0.011785 0.758419 0.035356 0.747096
3 16 -6.393 -2.898 -53.310 -6.393 -1.734 -52.050 -5.890 -2.173 -51.795 0.011785 0.758419 0.031394 0.740305 0.035356 0.747096
3 16 -5.890 -2.173 -51.795 -6.393 -1.734 -52.050 -5.889 -1.716 -49.999 0.035356 0.747096 0.031394 0.740305 0.063314 0.739980
3 16 -6.393 -1.734 -52.050 -6.390 -1.213 -49.999 -5.889 -1.716 -49.999 0.031394 0.740305 0.063314 0.732181 0.063314 0.739980
3 16 -5.889 -1.716 -49.999 -6.390 -1.213 -49.999 -5.890 -2.173 -48.204 0.063314 0.739980 0.063314 0.732181 0.091271 0.747096
3 16 -6.390 -1.213 -49.999 -6.393 -1.734 -47.948 -5.890 -2.173 -48.204 0.063314 0.732181 0.095233 0.740305 0.091271 0.747096
3 16 -5.890 -2.173 -48.204 -6.393 -1.734 -47.948 -5.890 -3.192 -47.098 0.091271 0.747096 0.095233 0.740305 0.108489 0.762961
3 16 -6.393 -1.734 -47.948 -6.393 -2.898 -46.688 -5.890 -3.192 -47.098 0.095233 0.740305 0.114842 0.758419 0.108489 0.762961
3 16 -5.890 -4.577 -46.466 -5.890 -3.192 -47.098 -6.393 -4.481 -45.963 0.118341 0.784535 0.108489 0.762961 0.126138 0.783050
3 16 -5.890 -3.192 -47.098 -6.393 -2.898 -46.688 -6.393 -4.481 -45.963 0.108489 0.762961 0.114842 0.758419 0.126138 0.783050
3 16 -5.890 -5.848 -46.466 -5.890 -4.577 -46.466 -6.393 -5.933 -45.963 0.118341 0.804329 0.118341 0.784535 0.126138 0.805649
3 16 -5.890 -4.577 -46.466 -6.393 -4.481 -45.963 -6.393 -5.933 -45.963 0.118341 0.784535 0.126138 0.783050 0.126138 0.805649
3 16 -5.890 -5.848 -46.466 -6.393 -5.933 -45.963 -5.891 -7.296 -47.098 0.118341 0.804329 0.126138 0.805649 0.108489 0.826879
3 16 -6.393 -5.933 -45.963 -6.393 -7.587 -46.688 -5.891 -7.296 -47.098 0.126138 0.805649 0.114842 0.831394 0.108489 0.826879
3 16 -5.891 -7.296 -47.098 -6.393 -7.587 -46.688 -5.890 -8.359 -48.204 0.108489 0.826879 0.114842 0.831394 0.091271 0.843429
3 16 -6.393 -7.587 -46.688 -6.393 -8.802 -47.948 -5.890 -8.359 -48.204 0.114842 0.831394 0.095233 0.850289 0.091271 0.843429
3 16 -6.697 -7.587 -46.691 -7.852 -7.587 -46.700 -6.696 -8.802 -47.948 0.449003 0.562902 0.448869 0.580204 0.430168 0.562892
3 16 -7.852 -7.587 -46.700 -7.851 -8.802 -47.948 -6.696 -8.802 -47.948 0.448869 0.580204 0.430168 0.580188 0.430168 0.562892
3 16 -6.693 -9.288 -49.999 -6.696 -8.802 -47.948 -7.846 -9.288 -49.999 0.399451 0.562844 0.430168 0.562892 0.399451 0.580106
3 16 -6.696 -8.802 -47.948 -7.851 -8.802 -47.948 -7.846 -9.288 -49.999 0.430168 0.562892 0.430168 0.580188 0.399451 0.580106
3 16 -7.851 -8.802 -52.050 -6.696 -8.802 -52.050 -7.846 -9.288 -49.999 0.368733 0.580188 0.368733 0.562892 0.399451 0.580106
3 16 -6.696 -8.802 -52.050 -6.693 -9.288 -49.999 -7.846 -9.288 -49.999 0.368733 0.562892 0.399451 0.562844 0.399451 0.580106
3 16 -6.696 -8.802 -52.050 -7.851 -8.802 -52.050 -6.697 -7.587 -53.308 0.368733 0.562892 0.368733 0.580188 0.349898 0.562902
3 16 -7.851 -8.802 -52.050 -7.852 -7.587 -53.299 -6.697 -7.587 -53.308 0.368733 0.580188 0.350032 0.580204 0.349898 0.562902
3 16 -6.697 -7.587 -53.308 -7.852 -7.587 -53.299 -6.696 -5.933 -54.036 0.933537 0.738363 0.933537 0.754745 0.910078 0.738354
3 16 -7.852 -7.587 -53.299 -7.851 -5.933 -54.036 -6.696 -5.933 -54.036 0.933537 0.754745 0.910078 0.754731 0.910078 0.738354
3 16 -7.851 -4.481 -54.036 -6.696 -4.481 -54.036 -7.851 -5.933 -54.036 0.889486 0.754731 0.889486 0.738354 0.910078 0.754731
3 16 -6.696 -4.481 -54.036 -6.696 -5.933 -54.036 -7.851 -5.933 -54.036 0.889486 0.738354 0.910078 0.738354 0.910078 0.754731
3 16 -7.851 -2.898 -53.299 -6.696 -2.898 -53.308 -7.851 -4.481 -54.036 0.867043 0.754723 0.867043 0.738350 0.889486 0.754731
3 16 -6.696 -2.898 -53.308 -6.696 -4.481 -54.036 -7.851 -4.481 -54.036 0.867043 0.738350 0.889486 0.738354 0.889486 0.754731
3 16 -6.696 -2.898 -53.308 -7.851 -2.898 -53.299 -6.696 -1.734 -52.050 0.112103 0.568313 0.111969 0.585565 0.093313 0.568317
3 16 -7.851 -2.898 -53.299 -7.851 -1.734 -52.050 -6.696 -1.734 -52.050 0.111969 0.585565 0.093313 0.585572 0.093313 0.568317
3 16 -6.696 -1.734 -52.050 -7.851 -1.734 -52.050 -6.693 -1.213 -49.999 0.093313 0.568317 0.093313 0.585572 0.062668 0.568272
3 16 -7.851 -1.734 -52.050 -7.846 -1.213 -49.999 -6.693 -1.213 -49.999 0.093313 0.585572 0.062668 0.585496 0.062668 0.568272
3 16 -6.693 -1.213 -49.999 -7.846 -1.213 -49.999 -6.696 -1.734 -47.948 0.062668 0.568272 0.062668 0.585496 0.032023 0.568317
3 16 -7.846 -1.213 -49.999 -7.851 -1.734 -47.948 -6.696 -1.734 -47.948 0.062668 0.585496 0.032023 0.585572 0.032023 0.568317
3 16 -6.696 -1.734 -47.948 -7.851 -1.734 -47.948 -6.696 -2.898 -46.691 0.032023 0.568317 0.032023 0.585572 0.013232 0.568313
3 16 -7.851 -1.734 -47.948 -7.851 -2.898 -46.700 -6.696 -2.898 -46.691 0.032023 0.585572 0.013366 0.585565 0.013232 0.568313
3 16 -6.696 -4.481 -45.963 -6.696 -2.898 -46.691 -7.851 -4.481 -45.963 0.756252 0.738356 0.778696 0.738352 0.756252 0.754733
3 16 -6.696 -2.898 -46.691 -7.851 -2.898 -46.700 -7.851 -4.481 -45.963 0.778696 0.738352 0.778696 0.754726 0.756252 0.754733
3 16 -6.696 -5.933 -45.963 -6.696 -4.481 -45.963 -7.851 -5.933 -45.963 0.735660 0.738356 0.756252 0.738356 0.735660 0.754733
3 16 -6.696 -4.481 -45.963 -7.851 -4.481 -45.963 -7.851 -5.933 -45.963 0.756252 0.738356 0.756252 0.754733 0.735660 0.754733
3 16 -6.696 -5.933 -45.963 -7.851 -5.933 -45.963 -6.697 -7.587 -46.691 0.735660 0.738356 0.735660 0.754733 0.712201 0.738365
3 16 -7.851 -5.933 -45.963 -7.852 -7.587 -46.700 -6.697 -7.587 -46.691 0.735660 0.754733 0.712201 0.754748 0.712201 0.738365
3 16 -4.996 -2.500 -45.572 -5.004 -4.581 -46.487 -4.996 -8.000 -45.582 0.035156 0.339378 0.064013 0.326688 0.111423 0.339246
3 16 -5.004 -4.581 -46.487 -5.004 -5.844 -46.487 -4.996 -8.000 -45.582 0.064013 0.326688 0.081531 0.326688 0.111423 0.339246
3 16 -4.996 -2.500 -45.572 -5.004 -3.204 -47.109 -5.004 -4.581 -46.487 0.035156 0.339378 0.044918 0.318061 0.064013 0.326688
3 16 -5.004 -7.284 -52.889 -5.004 -5.844 -53.511 -4.996 -8.000 -54.418 0.101489 0.237910 0.081531 0.229283 0.111423 0.216706
3 16 -5.004 -5.844 -53.511 -5.004 -4.581 -53.511 -4.996 -8.000 -54.418 0.081531 0.229283 0.064013 0.229283 0.111423 0.216706
3 16 -5.004 -4.581 -53.511 -4.996 -2.500 -54.428 -4.996 -8.000 -54.418 0.064013 0.229283 0.035156 0.216574 0.111423 0.216706
3 16 -3.228 -5.250 -39.366 -3.228 -2.500 -39.937 -4.996 -5.250 -44.750 0.073289 0.380716 0.035156 0.380716 0.073289 0.350777
3 16 -3.228 -2.500 -39.937 -4.996 -2.500 -44.750 -4.996 -5.250 -44.750 0.035156 0.380716 0.035156 0.350777 0.073289 0.350777
3 16 -2.496 -5.250 -60.790 -2.496 -8.000 -60.075 -3.228 -5.250 -60.790 0.073289 0.145297 0.111423 0.145297 0.073289 0.175236
3 16 -2.496 -8.000 -60.075 -3.228 -8.000 -60.075 -3.228 -5.250 -60.790 0.111423 0.145297 0.111423 0.175236 0.073289 0.175236
3 16 -3.228 -8.000 -39.937 -3.228 -5.250 -39.366 -4.996 -8.000 -44.750 0.111423 0.380716 0.073289 0.380716 0.111423 0.350777
3 16 -3.228 -5.250 -39.366 -4.996 -5.250 -44.750 -4.996 -8.000 -44.750 0.073289 0.380716 0.073289 0.350777 0.111423 0.350777
3 16 -3.228 -5.250 -39.366 -3.228 -8.000 -39.937 -2.496 -5.250 -39.366 0.073289 0.380716 0.111423 0.380716 0.073289 0.410656
3 16 -3.228 -8.000 -39.937 -2.496 -8.000 -39.937 -2.496 -5.250 -39.366 0.111423 0.380716 0.111423 0.410656 0.073289 0.410656
3 16 -3.228 -5.250 -60.790 -4.996 -5.250 -55.250 -3.228 -2.500 -60.075 0.073289 0.175236 0.073289 0.205176 0.035156 0.175236
3 16 -4.996 -5.250 -55.250 -4.996 -2.500 -55.250 -3.228 -2.500 -60.075 0.073289 0.205176 0.035156 0.205176 0.035156 0.175236
3 16 -2.496 -5.250 -60.790 -3.228 -5.250 -60.790 -2.496 -2.500 -60.075 0.073289 0.145297 0.073289 0.175236 0.035156 0.145297
3 16 -3.228 -5.250 -60.790 -3.228 -2.500 -60.075 -2.496 -2.500 -60.075 0.073289 0.175236 0.035156 0.175236 0.035156 0.145297
3 16 -4.996 -8.000 -44.750 -4.996 -5.250 -44.750 -4.996 -8.000 -45.582 0.111423 0.350777 0.073289 0.350777 0.111423 0.339246
3 16 -4.996 -5.250 -44.750 -4.996 -2.500 -45.572 -4.996 -8.000 -45.582 0.073289 0.350777 0.035156 0.339378 0.111423 0.339246
3 16 -4.996 -5.250 -55.250 -4.996 -2.500 -54.428 -4.996 -2.500 -55.250 0.073289 0.205176 0.035156 0.216574 0.035156 0.205176
3 16 -4.996 -5.250 -55.250 -4.996 -8.000 -54.418 -4.996 -2.500 -54.428 0.073289 0.205176 0.111423 0.216706 0.035156 0.216574
2 24 -2.500 -2.500 -30.023 -2.496 -8.000 -39.937
2 24 -17.112 -6.497 -48.794 -17.136 -6.497 -47.631
2 24 -15.504 -1.497 -52.474 -15.504 -3.098 -54.161
2 24 -15.504 -5.268 -54.374 -15.504 -7.433 -54.158
2 24 -17.504 -9.022 -51.738 -17.504 -9.288 -50.841
2 24 -17.112 -5.550 -51.846 -17.112 -6.072 -51.623
2 24 -17.136 -5.550 -52.884 -17.136 -6.072 -52.694
2 24 -8.800 -5.619 -49.391 -8.800 -5.865 -49.671
2 24 -6.393 -4.481 -45.963 -6.393 -5.933 -45.963
2 24 -8.800 -4.917 -50.607 -8.800 -5.268 -50.691
2 24 13.800 -2.500 -33.796 1.261 -2.500 -33.796
2 24 -3.228 -2.500 -39.937 -3.228 -5.250 -39.366
2 24 -5.004 -4.581 -46.487 -5.004 -5.844 -46.487
2 24 -17.504 -3.864 -52.594 -17.504 -3.864 -50.841
2 24 -17.504 -3.864 -49.158 -17.504 -3.864 -47.375
2 24 -17.136 -4.048 -47.631 -17.136 -4.473 -47.274
2 24 1.261 -2.500 -33.796 1.261 -7.750 -33.796
2 24 -17.112 -4.995 -51.846 -17.112 -5.550 -51.846
2 24 -4.996 -8.000 -45.582 -4.996 -9.497 -46.914
2 24 -17.504 -4.473 -47.018 -17.504 -4.995 -46.828
2 24 -17.504 -4.995 -53.140 -17.504 -5.550 -53.140
2 24 -17.136 -4.995 -52.884 -17.136 -5.550 -52.884
2 24 13.800 -7.750 -33.796 1.261 -7.750 -33.796
2 24 -17.504 -9.022 -52.474 -17.504 -9.022 -51.738
2 24 -17.504 -9.022 -48.261 -17.504 -9.022 -47.524
2 24 -17.136 -4.473 -47.274 -17.136 -4.995 -47.085
2 24 -17.504 -3.045 -54.161 -17.504 -5.268 -54.374
2 24 -15.504 -2.898 -53.240 -15.504 -4.481 -54.036
2 24 -15.504 -4.481 -54.036 -15.504 -5.268 -54.374
2 24 -15.504 -2.898 -53.240 -15.504 -5.268 -54.374
2 24 -6.393 -7.587 -46.688 -6.393 -8.802 -47.948
2 24 13.800 -2.500 -33.796 13.800 -7.750 -33.796
2 24 -2.496 -8.000 -45.582 -4.996 -8.000 -45.582
2 24 -2.496 -2.500 -39.937 -3.228 -2.500 -39.937
2 24 -3.228 -2.500 -39.937 -4.996 -2.500 -44.750
2 24 17.502 -2.500 -30.023 17.504 -10.500 -30.000
2 24 -11.245 -1.318 -50.583 -11.775 -1.362 -50.841
2 24 -11.245 -3.716 -50.583 -11.775 -3.864 -50.841
2 24 -8.800 -4.569 -49.999 -8.800 -4.661 -50.328
2 24 -6.393 -4.481 -54.036 -6.393 -5.933 -54.036
2 24 -11.025 -9.288 -49.999 -11.245 -9.182 -49.416
2 24 -6.393 -1.734 -52.050 -6.393 -2.898 -53.310
2 24 -5.004 -8.340 -48.215 -5.004 -8.763 -49.999
2 24 -5.004 -3.204 -52.889 -5.004 -4.581 -53.511
2 24 -15.504 -1.417 -51.714 -15.504 -1.497 -52.474
2 24 -5.004 -2.191 -51.784 -5.004 -3.204 -52.889
2 24 -5.004 -3.204 -47.109 -5.004 -4.581 -46.487
2 24 -5.004 -4.581 -53.511 -5.004 -5.844 -53.511
2 24 17.502 -2.500 -30.023 -2.500 -2.500 -30.023
2 24 -5.004 -5.844 -46.487 -5.004 -7.284 -47.109
2 24 -17.112 -4.473 -48.376 -17.112 -4.995 -48.153
2 24 -17.504 -3.864 -47.375 -17.504 -4.995 -46.828
2 24 -17.504 -1.497 -52.474 -17.504 -3.045 -54.161
2 24 -17.504 -5.268 -54.374 -17.504 -7.433 -54.158
2 24 -2.496 -8.000 -45.582 -2.496 -9.497 -46.914
2 24 -15.504 -9.022 -52.474 -15.504 -9.022 -51.753
2 24 -15.504 -9.022 -48.246 -15.504 -9.022 -47.524
2 24 -15.504 -4.481 -45.963 -15.504 -5.268 -45.625
2 24 -15.504 -3.098 -54.161 -15.504 -5.268 -54.374
2 24 -11.245 -9.182 -50.583 -11.775 -9.138 -50.841
2 24 -17.136 -6.497 -52.337 -17.112 -6.497 -51.205
2 24 -8.800 -5.268 -49.308 -8.800 -5.619 -49.391
2 24 11.236 -7.752 -50.014 11.065 -7.752 -51.090
2 24 10.539 -2.500 -47.989 9.777 -2.500 -47.227
2 24 3.827 -2.500 -45.448 2.400 -2.500 -44.138
2 24 1.261 -2.500 -66.230 1.261 -7.750 -66.230
2 24 11.028 -2.500 -51.078 10.539 -2.500 -52.039
2 24 -2.496 -2.500 -60.075 -3.228 -2.500 -60.075
2 24 -2.500 -2.500 -69.990 -2.496 -10.500 -70.000
2 24 1.261 -2.500 -66.230 1.261 -2.500 -57.831
2 24 1.261 -2.500 -42.163 1.261 -2.500 -33.796
2 24 9.777 -2.500 -47.227 8.817 -2.500 -46.738
2 24 5.574 -2.500 -46.283 3.827 -2.500 -45.448
2 24 3.848 -7.752 -45.416 2.430 -7.752 -44.113
2 24 -3.228 -2.500 -60.075 -4.996 -2.500 -55.250
2 24 9.777 -2.500 -52.801 8.817 -2.500 -53.290
2 24 -2.521 0.000 -50.000 -2.521 -1.003 -46.914
2 24 1.261 -7.750 -66.230 1.261 -7.750 -57.881
2 24 1.261 -7.750 -42.112 1.261 -7.750 -33.796
2 24 9.800 -7.752 -52.832 8.829 -7.752 -53.327
2 24 8.817 -2.500 -46.738 7.490 -2.500 -46.570
2 24 7.490 -2.500 -46.570 5.574 -2.500 -46.283
2 24 -2.521 -1.003 -46.914 -2.496 -2.500 -45.575
2 24 -4.996 0.000 -50.000 -4.996 -1.003 -53.086
2 24 -3.228 -8.000 -60.075 -4.996 -8.000 -55.250
2 24 -11.245 -6.777 -49.416 -11.775 -6.657 -49.158
2 24 9.800 -7.752 -47.196 8.829 -7.752 -46.701
2 24 5.586 -7.752 -46.246 3.848 -7.752 -45.416
2 24 -2.496 -8.000 -54.418 -4.996 -8.000 -54.418
2 24 11.236 -7.752 -50.014 3.848 -7.752 -45.416
2 24 -11.775 -1.362 -50.841 -15.504 -1.213 -50.841
2 24 3.827 -2.500 -54.580 2.400 -2.500 -55.890
2 24 5.574 -2.500 -53.745 3.827 -2.500 -54.580
2 24 -15.504 -1.213 -50.841 -17.504 -1.213 -50.841
2 24 11.197 -2.500 -50.014 11.028 -2.500 -51.078
2 24 11.197 -2.500 -50.014 11.028 -2.500 -48.950
2 24 13.800 -2.500 -66.230 13.800 -7.750 -66.230
2 24 13.800 -7.750 -66.230 1.261 -7.750 -66.230
2 24 13.800 -7.750 -66.230 13.800 -7.750 -33.796
2 24 2.400 -2.500 -44.138 1.261 -2.500 -42.163
2 24 13.800 -2.500 -66.230 1.261 -2.500 -66.230
2 24 13.800 -2.500 -66.230 13.800 -2.500 -33.796
2 24 11.028 -2.500 -48.950 10.539 -2.500 -47.989
2 24 -11.245 -1.318 -49.416 -11.775 -1.362 -49.158
2 24 -11.245 -3.716 -49.416 -11.775 -3.864 -49.158
2 24 11.065 -7.752 -51.090 10.570 -7.752 -52.061
2 24 -2.496 -8.000 -60.075 -3.228 -8.000 -60.075
2 24 -11.025 -1.213 -49.999 -11.245 -1.318 -49.416
2 24 -2.500 -2.500 -69.990 -2.496 -2.500 -60.075
2 24 -2.496 -2.500 -54.426 -2.496 -2.500 -45.575
2 24 -2.496 -2.500 -39.937 -2.500 -2.500 -30.023
2 24 -5.004 -1.737 -49.999 -5.004 -2.191 -48.215
2 24 -2.496 -8.000 -54.418 -2.496 -9.497 -53.086
2 24 -3.228 -5.250 -60.790 -3.228 -8.000 -60.075
2 24 -11.775 -1.362 -49.158 -15.504 -1.213 -49.158
2 24 -11.245 -9.182 -49.416 -11.775 -9.138 -49.158
2 24 -3.228 -2.500 -60.075 -3.228 -5.250 -60.790
2 24 10.570 -7.752 -47.967 9.800 -7.752 -47.196
2 24 -2.496 -2.500 -54.426 -4.996 -2.500 -54.428
2 24 8.829 -7.752 -53.327 7.490 -7.752 -53.497
2 24 7.490 -7.752 -53.497 5.586 -7.752 -53.782
2 24 -4.996 -2.500 -55.250 -4.996 -2.500 -54.428
2 24 -4.996 -2.500 -45.572 -4.996 -2.500 -44.750
2 24 -5.004 -2.191 -48.215 -5.004 -3.204 -47.109
2 24 -2.500 -2.500 -69.990 -2.496 -8.000 -54.418
2 24 -2.500 -2.500 -69.990 -2.496 -8.000 -60.075
2 24 -11.775 -3.864 -49.158 -17.504 -3.864 -49.158
2 24 2.430 -7.752 -44.113 1.261 -7.750 -42.112
2 24 10.539 -2.500 -52.039 9.777 -2.500 -52.801
2 24 10.570 -7.752 -52.061 9.800 -7.752 -52.832
2 24 -4.996 0.000 -50.000 -4.996 -1.003 -46.914
2 24 -2.521 0.000 -50.000 -2.521 -1.003 -53.086
2 24 -2.496 -5.250 -60.790 -2.496 -8.000 -60.075
2 24 8.817 -2.500 -53.290 7.490 -2.500 -53.459
2 24 7.490 -2.500 -53.459 5.574 -2.500 -53.745
2 24 2.400 -2.500 -55.890 1.261 -2.500 -57.831
2 24 -11.025 -3.633 -49.999 -11.245 -3.716 -49.416
2 24 11.236 -7.752 -50.014 11.065 -7.752 -48.938
2 24 11.065 -7.752 -48.938 10.570 -7.752 -47.967
2 24 -2.496 -2.500 -60.075 -2.496 -5.250 -60.790
2 24 -15.504 -1.213 -49.158 -17.504 -1.213 -49.158
2 24 -11.775 -3.864 -50.841 -17.504 -3.864 -50.841
2 24 2.430 -7.752 -55.915 1.261 -7.750 -57.881
2 24 -4.996 -8.000 -54.418 -4.996 -9.497 -53.086
2 24 -5.004 -7.284 -52.889 -5.004 -8.340 -51.784
2 24 -5.004 -1.737 -49.999 -5.004 -2.191 -51.784
2 24 3.848 -7.752 -54.612 2.430 -7.752 -55.915
2 24 5.586 -7.752 -53.782 3.848 -7.752 -54.612
2 24 11.236 -7.752 -50.014 3.848 -7.752 -54.612
2 24 -4.996 -1.003 -46.914 -4.996 -2.500 -45.572
2 24 -11.775 -6.657 -50.841 -17.504 -6.657 -50.841
2 24 8.829 -7.752 -46.701 7.490 -7.752 -46.531
2 24 -4.996 -1.003 -53.086 -4.996 -2.500 -54.428
2 24 -8.800 -5.865 -50.328 -8.800 -5.961 -49.999
2 24 7.490 -7.752 -46.531 5.586 -7.752 -46.246
2 24 -11.775 -9.138 -49.158 -15.504 -9.288 -49.158
2 24 -11.025 -6.887 -49.999 -11.245 -6.777 -49.416
2 24 -8.800 -4.661 -49.671 -8.800 -4.917 -49.391
2 24 -8.800 -5.619 -50.607 -8.800 -5.865 -50.328
2 24 -6.393 -5.933 -54.036 -6.393 -7.587 -53.310
2 24 -2.496 -8.000 -60.075 -2.496 -8.000 -54.418
2 24 -2.496 -8.000 -45.582 -2.496 -8.000 -39.937
2 24 -5.004 -8.340 -51.784 -5.004 -8.763 -49.999
2 24 -4.996 -9.497 -53.086 -4.996 -10.500 -50.000
2 24 -15.504 -9.288 -50.841 -17.504 -9.288 -50.841
2 24 -4.996 -8.000 -55.250 -4.996 -8.000 -54.418
2 24 -4.996 -8.000 -45.582 -4.996 -8.000 -44.750
2 24 -2.496 -10.500 -70.000 -2.496 -10.500 -30.000
2 24 -2.500 -2.500 -30.023 -2.496 -8.000 -45.582
2 24 -15.504 -1.417 -48.285 -15.504 -1.497 -47.524
2 24 -2.496 -2.500 -39.937 -2.496 -5.250 -39.366
2 24 -3.228 -8.000 -39.937 -4.996 -8.000 -44.750
2 24 -2.496 -8.000 -39.937 -3.228 -8.000 -39.937
2 24 -17.112 -4.048 -48.794 -17.136 -4.048 -47.631
2 24 -17.504 -7.433 -54.158 -17.504 -9.022 -52.474
2 24 -17.136 -6.072 -52.694 -17.136 -6.497 -52.337
2 24 -17.504 -1.497 -47.524 -17.504 -3.045 -45.838
2 24 -17.112 -4.048 -48.794 -17.112 -4.473 -48.376
2 24 -17.112 -6.072 -51.623 -17.112 -6.497 -51.205
2 24 -4.996 -9.497 -46.914 -4.996 -10.500 -50.000
2 24 -17.504 -1.213 -50.841 -17.504 -1.424 -51.730
2 24 -15.504 -1.734 -47.948 -15.504 -2.898 -46.759
2 24 -15.503 -7.587 -53.240 -15.504 -8.802 -52.050
2 24 -15.504 -7.433 -54.158 -15.504 -9.022 -52.474
2 24 -15.504 -8.802 -52.050 -15.504 -9.022 -51.753
2 24 -8.800 -4.917 -49.391 -8.800 -5.268 -49.308
2 24 17.504 -10.500 -70.000 17.504 -10.500 -30.000
2 24 17.504 -10.500 -70.000 -2.496 -10.500 -70.000
2 24 17.502 -2.500 -69.990 -2.500 -2.500 -69.990
2 24 17.502 -2.500 -69.990 17.502 -2.500 -30.023
2 24 -17.504 -1.213 -49.158 -17.504 -1.424 -48.269
2 24 -17.504 -1.424 -51.730 -17.504 -1.497 -52.474
2 24 -8.800 -5.268 -50.691 -8.800 -5.619 -50.607
2 24 -5.004 -7.284 -47.109 -5.004 -8.340 -48.215
2 24 -15.504 -2.898 -46.759 -15.504 -5.268 -45.625
2 24 -17.504 -6.657 -52.594 -17.504 -6.657 -50.841
2 24 -17.504 -6.657 -49.158 -17.504 -6.657 -47.375
2 24 -17.504 -3.864 -47.375 -17.504 -4.473 -47.018
2 24 -15.504 -1.734 -52.050 -15.504 -2.898 -53.240
2 24 -15.504 -1.417 -51.714 -15.504 -1.734 -52.050
2 24 -15.504 -4.481 -54.036 -15.504 -5.933 -54.036
2 24 -11.245 -6.777 -50.583 -11.775 -6.657 -50.841
2 24 -2.521 -1.003 -53.086 -2.496 -2.500 -54.426
2 24 -11.775 -6.657 -49.158 -17.504 -6.657 -49.158
2 24 -11.775 -9.138 -50.841 -15.504 -9.288 -50.841
2 24 -5.004 -5.844 -53.511 -5.004 -7.284 -52.889
2 24 -11.025 -1.213 -49.999 -11.245 -1.318 -50.583
2 24 -8.800 -5.865 -49.671 -8.800 -5.961 -49.999
2 24 -2.496 -2.500 -45.575 -4.996 -2.500 -45.572
2 24 -15.504 -1.497 -47.524 -15.504 -3.098 -45.838
2 24 -17.504 -1.424 -48.269 -17.504 -1.497 -47.524
2 24 -15.504 -1.417 -48.285 -15.504 -1.734 -47.948
2 24 -15.504 -2.898 -46.759 -15.504 -4.481 -45.963
2 24 -17.504 -5.550 -53.140 -17.504 -6.072 -52.950
2 24 -11.025 -6.887 -49.999 -11.245 -6.777 -50.583
2 24 -2.500 -2.500 -30.023 -2.496 -10.500 -30.000
2 24 -15.503 -7.587 -46.759 -15.504 -8.802 -47.948
2 24 -17.112 -5.550 -48.153 -17.112 -6.072 -48.376
2 24 17.504 -10.500 -30.000 -2.496 -10.500 -30.000
2 24 -17.504 -4.995 -46.828 -17.504 -5.550 -46.828
2 24 -2.496 -5.250 -39.366 -2.496 -8.000 -39.937
2 24 -17.136 -4.048 -52.337 -17.504 -3.864 -52.594
2 24 -17.504 -1.213 -50.841 -17.504 -3.864 -50.841
2 24 -17.504 -6.657 -50.841 -17.504 -9.288 -50.841
2 24 -17.504 -3.864 -52.594 -17.504 -4.995 -53.140
2 24 -17.504 -3.864 -52.594 -17.504 -4.473 -52.950
2 24 -17.504 -4.473 -52.950 -17.504 -4.995 -53.140
2 24 -17.112 -4.048 -51.205 -17.112 -4.473 -51.623
2 24 -17.136 -4.473 -52.694 -17.136 -4.995 -52.884
2 24 -15.504 -9.288 -49.158 -17.504 -9.288 -49.158
2 24 -17.136 -4.048 -47.631 -17.504 -3.864 -47.375
2 24 -8.800 -4.569 -49.999 -8.800 -4.661 -49.671
2 24 17.502 -2.500 -69.990 17.504 -10.500 -70.000
2 24 -17.504 -3.045 -45.838 -17.504 -5.268 -45.625
2 24 -17.136 -4.995 -47.085 -17.136 -5.550 -47.085
2 24 -17.504 -5.550 -46.828 -17.504 -6.072 -47.018
2 24 -15.504 -7.433 -45.840 -15.504 -9.022 -47.524
2 24 -17.504 -5.268 -45.625 -17.504 -7.433 -45.840
2 24 -17.136 -5.550 -47.085 -17.136 -6.072 -47.274
2 24 -17.112 -4.995 -48.153 -17.112 -5.550 -48.153
2 24 -17.136 -6.072 -47.274 -17.136 -6.497 -47.631
2 24 -15.504 -5.268 -45.625 -15.504 -7.433 -45.840
2 24 -15.504 -8.802 -47.948 -15.504 -9.022 -48.246
2 24 -17.112 -6.072 -48.376 -17.112 -6.497 -48.794
2 24 -15.504 -3.098 -45.838 -15.504 -5.268 -45.625
2 24 -17.504 -1.213 -49.158 -17.504 -3.864 -49.158
2 24 -17.504 -6.657 -49.158 -17.504 -9.288 -49.158
2 24 -17.112 -4.473 -51.623 -17.112 -4.995 -51.846
2 24 -17.504 -7.433 -45.840 -17.504 -9.022 -47.524
2 24 -17.136 -4.048 -52.337 -17.136 -4.473 -52.694
2 24 -11.025 -9.288 -49.999 -11.245 -9.182 -50.583
2 24 -17.504 -9.022 -48.261 -17.504 -9.288 -49.158
2 24 -3.228 -5.250 -39.366 -3.228 -8.000 -39.937
2 24 -17.504 -6.072 -52.950 -17.504 -6.657 -52.594
2 24 -11.025 -3.633 -49.999 -11.245 -3.716 -50.583
2 24 -17.136 -4.048 -52.337 -17.112 -4.048 -51.205
2 24 -8.800 -4.661 -50.328 -8.800 -4.917 -50.607
2 24 -15.504 -4.481 -45.963 -15.504 -5.933 -45.963
2 24 -17.504 -6.072 -47.018 -17.504 -6.657 -47.375
1 16 7.5000 -10.5000 -40.0000 1.0000 0.0000 0.0000 0.0000 1.0000 0.0000 0.0000 0.0000 1.0000 stud.dat
1 16 7.5000 -10.5000 -60.0000 1.0000 0.0000 0.0000 0.0000 1.0000 0.0000 0.0000 0.0000 1.0000 stud.dat
