0 FILE bl_79741.dat
0 FORK, NO. 1
0 Name:  bl_79741.dat
0 Author:  
0 BFC CERTIFY CCW
3 16 1.150 -5.589 3.834 1.150 -5.589 1.754 -0.005 -5.965 4.004 0.948921 0.606528 0.904376 0.606510 0.952580 0.580522
3 16 1.150 -5.589 1.754 -0.005 -5.965 1.754 -0.005 -5.965 4.004 0.904376 0.606510 0.904387 0.580503 0.952580 0.580522
3 16 1.864 -4.607 3.541 1.864 -4.607 1.754 1.150 -5.589 3.834 0.942637 0.632533 0.904366 0.632517 0.948921 0.606528
3 16 1.864 -4.607 1.754 1.150 -5.589 1.754 1.150 -5.589 3.834 0.904366 0.632517 0.904376 0.606510 0.948921 0.606528
3 16 1.864 -3.393 3.541 1.864 -3.393 1.754 1.864 -4.607 3.541 0.942627 0.658540 0.904355 0.658524 0.942637 0.632533
3 16 1.864 -3.393 1.754 1.864 -4.607 1.754 1.864 -4.607 3.541 0.904355 0.658524 0.904366 0.632517 0.942637 0.632533
3 16 1.864 -3.393 3.541 1.231 -2.473 3.809 1.864 -3.393 1.754 0.942627 0.658540 0.948349 0.682453 0.904355 0.658524
3 16 1.231 -2.473 3.809 1.150 -2.411 1.754 1.864 -3.393 1.754 0.948349 0.682453 0.904344 0.684531 0.904355 0.658524
3 16 -0.005 -2.035 4.004 -0.005 -2.035 1.754 1.231 -2.473 3.809 0.952541 0.710539 0.904348 0.710537 0.948349 0.682453
3 16 -0.005 -2.035 1.754 1.150 -2.411 1.754 1.231 -2.473 3.809 0.904348 0.710537 0.904344 0.684531 0.948349 0.682453
3 16 -1.250 -2.480 3.806 -1.159 -2.411 1.754 -0.005 -2.035 4.004 0.948283 0.738862 0.904340 0.736544 0.952541 0.710539
3 16 -1.159 -2.411 1.754 -0.005 -2.035 1.754 -0.005 -2.035 4.004 0.904340 0.736544 0.904348 0.710537 0.952541 0.710539
3 16 -1.873 -3.393 3.541 -1.873 -3.393 1.754 -1.250 -2.480 3.806 0.942624 0.762533 0.904352 0.762550 0.948283 0.738862
3 16 -1.873 -3.393 1.754 -1.159 -2.411 1.754 -1.250 -2.480 3.806 0.904352 0.762550 0.904340 0.736544 0.948283 0.738862
3 16 -1.873 -4.607 3.541 -1.873 -4.607 1.754 -1.873 -3.393 3.541 0.942635 0.788541 0.904363 0.788557 0.942624 0.762533
3 16 -1.873 -4.607 1.754 -1.873 -3.393 1.754 -1.873 -3.393 3.541 0.904363 0.788557 0.904352 0.762550 0.942624 0.762533
3 16 -1.160 -5.589 3.834 -1.159 -5.589 1.754 -1.873 -4.607 3.541 0.948917 0.814538 0.904374 0.814565 0.942635 0.788541
3 16 -1.159 -5.589 1.754 -1.873 -4.607 1.754 -1.873 -4.607 3.541 0.904374 0.814565 0.904363 0.788557 0.942635 0.788541
3 16 -0.005 -5.965 4.004 -0.005 -5.965 1.754 -1.160 -5.589 3.834 0.952578 0.840552 0.904385 0.840572 0.948917 0.814538
3 16 -0.005 -5.965 1.754 -1.159 -5.589 1.754 -1.160 -5.589 3.834 0.904385 0.840572 0.904374 0.814565 0.948917 0.814538
3 16 -1.873 -4.607 1.754 -1.159 -5.589 1.754 -0.939 -4.304 1.754 0.403433 0.365778 0.424474 0.381065 0.396931 0.385789
3 16 -1.159 -5.589 1.754 -0.582 -4.795 1.754 -0.939 -4.304 1.754 0.424474 0.381065 0.407451 0.393433 0.396931 0.385789
3 16 1.150 -5.589 1.754 1.864 -4.607 1.754 0.573 -4.795 1.754 0.424474 0.430535 0.403433 0.445822 0.407451 0.418168
3 16 1.864 -4.607 1.754 0.930 -4.304 1.754 0.573 -4.795 1.754 0.403433 0.445822 0.396931 0.425812 0.407451 0.418168
3 16 1.864 -4.607 1.754 1.864 -3.393 1.754 0.930 -4.304 1.754 0.403433 0.445822 0.377425 0.445822 0.396931 0.425812
3 16 1.864 -3.393 1.754 0.930 -3.696 1.754 0.930 -4.304 1.754 0.377425 0.445822 0.383927 0.425812 0.396931 0.425812
3 16 1.864 -3.393 1.754 1.150 -2.411 1.754 0.930 -3.696 1.754 0.377425 0.445822 0.356384 0.430535 0.383927 0.425812
3 16 1.150 -2.411 1.754 0.573 -3.205 1.754 0.930 -3.696 1.754 0.356384 0.430535 0.373407 0.418168 0.383927 0.425812
3 16 -0.005 -2.035 1.754 -1.159 -2.411 1.754 -0.005 -3.018 1.754 0.348348 0.405800 0.356384 0.381065 0.369388 0.405800
3 16 -1.159 -2.411 1.754 -0.582 -3.205 1.754 -0.005 -3.018 1.754 0.356384 0.381065 0.373407 0.393433 0.369388 0.405800
3 16 -1.873 -3.393 1.754 -1.873 -4.607 1.754 -0.939 -3.696 1.754 0.377425 0.365778 0.403433 0.365778 0.383927 0.385789
3 16 -1.873 -4.607 1.754 -0.939 -4.304 1.754 -0.939 -3.696 1.754 0.403433 0.365778 0.396931 0.385789 0.383927 0.385789
3 16 -0.005 -5.965 1.754 1.150 -5.589 1.754 -0.005 -4.982 1.754 0.432510 0.405800 0.424474 0.430535 0.411470 0.405800
3 16 1.150 -5.589 1.754 0.573 -4.795 1.754 -0.005 -4.982 1.754 0.424474 0.430535 0.407451 0.418168 0.411470 0.405800
3 16 1.150 -2.411 1.754 -0.005 -2.035 1.754 0.573 -3.205 1.754 0.356384 0.430535 0.348348 0.405800 0.373407 0.418168
3 16 -0.005 -2.035 1.754 -0.005 -3.018 1.754 0.573 -3.205 1.754 0.348348 0.405800 0.369388 0.405800 0.373407 0.418168
3 16 -1.159 -2.411 1.754 -1.873 -3.393 1.754 -0.582 -3.205 1.754 0.356384 0.381065 0.377425 0.365778 0.373407 0.393433
3 16 -1.873 -3.393 1.754 -0.939 -3.696 1.754 -0.582 -3.205 1.754 0.377425 0.365778 0.383927 0.385789 0.373407 0.393433
3 16 -1.159 -5.589 1.754 -0.005 -5.965 1.754 -0.582 -4.795 1.754 0.424474 0.381065 0.432510 0.405800 0.407451 0.393433
3 16 -0.005 -5.965 1.754 -0.005 -4.982 1.754 -0.582 -4.795 1.754 0.432510 0.405800 0.411470 0.405800 0.407451 0.393433
3 16 0.573 -3.205 1.754 -0.005 -3.018 1.754 0.573 -3.205 3.754 0.007811 0.841391 0.007811 0.828386 0.050650 0.841391
3 16 -0.005 -3.018 1.754 -0.005 -3.018 3.754 0.573 -3.205 3.754 0.007811 0.828386 0.050650 0.828386 0.050650 0.841391
3 16 0.930 -3.696 1.754 0.573 -3.205 1.754 0.930 -3.696 3.754 0.007811 0.854394 0.007811 0.841391 0.050650 0.854394
3 16 0.573 -3.205 1.754 0.573 -3.205 3.754 0.930 -3.696 3.754 0.007811 0.841391 0.050650 0.841391 0.050650 0.854394
3 16 0.930 -4.304 1.754 0.930 -3.696 1.754 0.930 -4.304 3.754 0.007811 0.867398 0.007811 0.854394 0.050650 0.867398
3 16 0.930 -3.696 1.754 0.930 -3.696 3.754 0.930 -4.304 3.754 0.007811 0.854394 0.050650 0.854394 0.050650 0.867398
3 16 0.573 -4.795 1.754 0.930 -4.304 1.754 0.573 -4.795 3.754 0.007811 0.880402 0.007811 0.867398 0.050650 0.880402
3 16 0.930 -4.304 1.754 0.930 -4.304 3.754 0.573 -4.795 3.754 0.007811 0.867398 0.050650 0.867398 0.050650 0.880402
3 16 -0.005 -4.982 1.754 0.573 -4.795 1.754 -0.005 -4.982 3.754 0.007811 0.893406 0.007811 0.880402 0.050650 0.893406
3 16 0.573 -4.795 1.754 0.573 -4.795 3.754 -0.005 -4.982 3.754 0.007811 0.880402 0.050650 0.880402 0.050650 0.893406
3 16 -0.582 -4.795 1.754 -0.005 -4.982 1.754 -0.582 -4.795 3.754 0.007811 0.906411 0.007811 0.893406 0.050650 0.906411
3 16 -0.005 -4.982 1.754 -0.005 -4.982 3.754 -0.582 -4.795 3.754 0.007811 0.893406 0.050650 0.893406 0.050650 0.906411
3 16 -0.939 -4.304 1.754 -0.582 -4.795 1.754 -0.939 -4.304 3.754 0.007811 0.919414 0.007811 0.906411 0.050650 0.919414
3 16 -0.582 -4.795 1.754 -0.582 -4.795 3.754 -0.939 -4.304 3.754 0.007811 0.906411 0.050650 0.906411 0.050650 0.919414
3 16 -0.939 -3.696 1.754 -0.939 -4.304 1.754 -0.939 -3.696 3.754 0.007811 0.932418 0.007811 0.919414 0.050650 0.932418
3 16 -0.939 -4.304 1.754 -0.939 -4.304 3.754 -0.939 -3.696 3.754 0.007811 0.919414 0.050650 0.919414 0.050650 0.932418
3 16 -0.582 -3.205 1.754 -0.939 -3.696 1.754 -0.582 -3.205 3.754 0.007811 0.945422 0.007811 0.932418 0.050650 0.945422
3 16 -0.939 -3.696 1.754 -0.939 -3.696 3.754 -0.582 -3.205 3.754 0.007811 0.932418 0.050650 0.932418 0.050650 0.945422
3 16 -0.005 -3.018 1.754 -0.582 -3.205 1.754 -0.005 -3.018 3.754 0.007811 0.958426 0.007811 0.945422 0.050650 0.958426
3 16 -0.582 -3.205 1.754 -0.582 -3.205 3.754 -0.005 -3.018 3.754 0.007811 0.945422 0.050650 0.945422 0.050650 0.958426
3 16 -0.582 -3.205 3.754 -0.005 -4.000 3.754 -0.005 -3.018 3.754 0.349607 0.461884 0.366629 0.474251 0.345588 0.474251
3 16 -0.582 -3.205 3.754 -0.939 -3.696 3.754 -0.005 -4.000 3.754 0.349607 0.461884 0.360127 0.454240 0.366629 0.474251
3 16 -0.939 -3.696 3.754 -0.939 -4.304 3.754 -0.005 -4.000 3.754 0.360127 0.454240 0.373131 0.454240 0.366629 0.474251
3 16 -0.939 -4.304 3.754 -0.582 -4.795 3.754 -0.005 -4.000 3.754 0.373131 0.454240 0.383651 0.461884 0.366629 0.474251
3 16 -0.582 -4.795 3.754 -0.005 -4.982 3.754 -0.005 -4.000 3.754 0.383651 0.461884 0.387670 0.474251 0.366629 0.474251
3 16 -0.005 -4.982 3.754 0.573 -4.795 3.754 -0.005 -4.000 3.754 0.387670 0.474251 0.383651 0.486619 0.366629 0.474251
3 16 0.573 -4.795 3.754 0.930 -4.304 3.754 -0.005 -4.000 3.754 0.383651 0.486619 0.373131 0.494263 0.366629 0.474251
3 16 0.930 -4.304 3.754 0.930 -3.696 3.754 -0.005 -4.000 3.754 0.373131 0.494263 0.360127 0.494263 0.366629 0.474251
3 16 0.930 -3.696 3.754 0.573 -3.205 3.754 -0.005 -4.000 3.754 0.360127 0.494263 0.349607 0.486619 0.366629 0.474251
3 16 0.573 -3.205 3.754 -0.005 -3.018 3.754 -0.005 -4.000 3.754 0.349607 0.486619 0.345588 0.474251 0.366629 0.474251
3 16 2.899 -15.501 2.907 2.581 -15.898 2.579 3.788 -15.501 1.575 0.293340 0.752448 0.301770 0.762191 0.271826 0.780783
3 16 2.581 -15.898 2.579 3.343 -15.898 1.396 3.788 -15.501 1.575 0.301770 0.762191 0.283769 0.786705 0.271826 0.780783
3 16 2.581 -15.898 2.579 2.899 -15.501 2.907 1.531 -15.898 3.298 0.301770 0.762191 0.293340 0.752448 0.325263 0.748514
3 16 2.899 -15.501 2.907 1.567 -15.501 3.797 1.531 -15.898 3.298 0.293340 0.752448 0.323766 0.734908 0.325263 0.748514
3 16 4.100 -15.501 0.005 4.100 -0.002 0.005 3.788 -15.501 1.575 0.007875 0.444283 0.339834 0.444267 0.007862 0.478565
3 16 4.100 -0.002 0.005 3.788 -0.002 1.575 3.788 -15.501 1.575 0.339834 0.444267 0.339864 0.478532 0.007862 0.478565
3 16 1.531 -15.898 3.298 1.370 -16.136 2.616 2.581 -15.898 2.579 0.325263 0.748514 0.328733 0.764099 0.301770 0.762191
3 16 1.370 -16.136 2.616 2.418 -16.271 2.236 2.581 -15.898 2.579 0.328733 0.764099 0.306713 0.772012 0.301770 0.762191
3 16 3.343 -15.898 1.396 3.661 -15.942 0.004 3.788 -15.501 1.575 0.283769 0.786705 0.275458 0.816417 0.271826 0.780783
3 16 3.661 -15.942 0.004 4.100 -15.501 0.005 3.788 -15.501 1.575 0.275458 0.816417 0.261918 0.815543 0.271826 0.780783
3 16 3.343 -15.898 1.396 2.581 -15.898 2.579 2.928 -16.216 1.254 0.283769 0.786705 0.301770 0.762191 0.294578 0.791336
3 16 2.581 -15.898 2.579 2.418 -16.271 2.236 2.928 -16.216 1.254 0.301770 0.762191 0.306713 0.772012 0.294578 0.791336
3 16 1.370 -16.136 2.616 1.531 -15.898 3.298 -0.005 -16.124 2.674 0.328733 0.764099 0.325263 0.748514 0.357772 0.763368
3 16 1.531 -15.898 3.298 -0.006 -15.906 3.640 -0.005 -16.124 2.674 0.325263 0.748514 0.357968 0.742130 0.357772 0.763368
3 16 1.531 -15.898 3.298 1.567 -15.501 3.797 -0.006 -15.906 3.640 0.325263 0.748514 0.323766 0.734908 0.357968 0.742130
3 16 1.567 -15.501 3.797 -0.005 -15.501 4.109 -0.006 -15.906 3.640 0.323766 0.734908 0.358066 0.728937 0.357968 0.742130
3 16 3.661 -15.942 0.004 3.343 -15.898 1.396 2.989 -16.185 0.005 0.275458 0.816417 0.283769 0.786705 0.290998 0.817481
3 16 3.343 -15.898 1.396 2.928 -16.216 1.254 2.989 -16.185 0.005 0.283769 0.786705 0.294578 0.791336 0.290998 0.817481
3 16 3.793 -15.501 -1.566 3.793 -0.002 -1.566 4.100 -15.501 0.005 0.007885 0.410005 0.339820 0.410002 0.007875 0.444283
3 16 3.793 -0.002 -1.566 4.100 -0.002 0.005 4.100 -15.501 0.005 0.339820 0.410002 0.339834 0.444267 0.007875 0.444283
3 16 2.899 -15.501 2.907 1.864 -4.607 3.541 1.567 -15.501 3.797 0.007848 0.512870 0.241277 0.539561 0.007829 0.547183
3 16 2.899 -15.501 2.907 2.899 -0.002 2.907 1.864 -4.607 3.541 0.007848 0.512870 0.339926 0.512813 0.241277 0.539561
3 16 -0.005 -16.124 2.674 0.002 -16.935 2.260 1.370 -16.136 2.616 0.421866 0.503284 0.421561 0.522778 0.392546 0.503751
3 16 1.370 -16.136 2.616 2.624 -16.934 2.260 2.418 -16.271 2.236 0.392546 0.503751 0.365131 0.522573 0.369188 0.508420
3 16 1.370 -16.136 2.616 0.002 -16.935 2.260 2.624 -16.934 2.260 0.392546 0.503751 0.421561 0.522778 0.365131 0.522573
3 16 3.661 -15.942 0.004 2.989 -16.185 0.005 3.324 -15.879 -1.381 0.275458 0.816417 0.290998 0.817481 0.278443 0.846980
3 16 2.989 -16.185 0.005 2.749 -16.197 -1.295 3.324 -15.879 -1.381 0.290998 0.817481 0.293051 0.845093 0.278443 0.846980
3 16 4.100 -15.501 0.005 3.661 -15.942 0.004 3.793 -15.501 -1.566 0.261918 0.815543 0.275458 0.816417 0.265696 0.852341
3 16 3.661 -15.942 0.004 3.324 -15.879 -1.381 3.793 -15.501 -1.566 0.275458 0.816417 0.278443 0.846980 0.265696 0.852341
3 16 2.989 -16.185 0.005 2.928 -16.216 1.254 2.624 -16.935 -0.019 0.826181 0.657587 0.852168 0.662320 0.823267 0.675235
3 16 2.928 -16.216 1.254 2.418 -16.271 2.236 2.624 -16.935 -0.019 0.852168 0.662320 0.874537 0.668594 0.823267 0.675235
3 16 2.418 -16.271 2.236 2.624 -16.934 2.260 2.624 -16.935 -0.019 0.874537 0.668594 0.871890 0.682934 0.823267 0.675235
3 16 -0.005 -16.124 2.674 -1.546 -16.142 2.578 0.002 -16.935 2.260 0.421866 0.503284 0.454715 0.504697 0.421561 0.522778
3 16 -0.006 -15.906 3.640 -1.670 -15.898 3.247 -0.005 -16.124 2.674 0.357968 0.742130 0.393234 0.750172 0.357772 0.763368
3 16 -1.670 -15.898 3.247 -1.546 -16.142 2.578 -0.005 -16.124 2.674 0.393234 0.750172 0.390269 0.765463 0.357772 0.763368
3 16 -0.005 -15.501 4.109 -1.576 -15.501 3.797 -0.006 -15.906 3.640 0.358066 0.728937 0.392223 0.735539 0.357968 0.742130
3 16 -1.576 -15.501 3.797 -1.670 -15.898 3.247 -0.006 -15.906 3.640 0.392223 0.735539 0.393234 0.750172 0.357968 0.742130
3 16 2.989 -16.185 0.005 2.624 -16.935 -0.019 2.749 -16.197 -1.295 0.826181 0.657587 0.823267 0.675235 0.798107 0.655742
3 16 1.864 -3.393 3.541 2.899 -0.002 2.907 1.567 -0.002 3.797 0.267276 0.539525 0.339926 0.512813 0.340032 0.547112
3 16 -2.638 -19.239 2.244 2.624 -19.238 2.246 0.002 -16.935 2.260 0.477457 0.572692 0.365218 0.571751 0.421561 0.522778
3 16 2.624 -19.238 2.246 2.624 -16.934 2.260 0.002 -16.935 2.260 0.365218 0.571751 0.365131 0.522573 0.421561 0.522778
3 16 3.324 -15.879 -1.381 2.858 -15.979 -2.790 3.793 -15.501 -1.566 0.278443 0.846980 0.289397 0.875163 0.265696 0.852341
3 16 2.858 -15.979 -2.790 2.905 -15.501 -2.901 3.793 -15.501 -1.566 0.289397 0.875163 0.286978 0.883610 0.265696 0.852341
3 16 3.324 -15.879 -1.381 2.749 -16.197 -1.295 2.858 -15.979 -2.790 0.278443 0.846980 0.293051 0.845093 0.289397 0.875163
3 16 2.749 -16.197 -1.295 2.617 -16.185 -2.406 2.858 -15.979 -2.790 0.293051 0.845093 0.294435 0.867138 0.289397 0.875163
3 16 1.571 -13.674 -3.795 1.571 -0.002 -3.795 2.905 -15.501 -2.901 0.047011 0.341301 0.339811 0.341305 0.007896 0.375672
3 16 1.571 -0.002 -3.795 2.905 -0.002 -2.901 2.905 -15.501 -2.901 0.339811 0.341305 0.339813 0.375679 0.007896 0.375672
3 16 -1.670 -15.898 3.247 -2.564 -15.891 2.575 -1.546 -16.142 2.578 0.393234 0.750172 0.413313 0.763188 0.390269 0.765463
3 16 -2.564 -15.891 2.575 -2.431 -16.271 2.236 -1.546 -16.142 2.578 0.413313 0.763188 0.408701 0.772970 0.390269 0.765463
3 16 0.002 -16.935 2.260 -2.638 -16.935 2.260 -2.638 -19.239 2.244 0.421561 0.522778 0.478280 0.523560 0.477457 0.572692
3 16 -1.546 -16.142 2.578 -2.431 -16.271 2.236 0.002 -16.935 2.260 0.454715 0.504697 0.474432 0.509358 0.421561 0.522778
3 16 -2.431 -16.271 2.236 -2.638 -16.935 2.260 0.002 -16.935 2.260 0.474432 0.509358 0.478280 0.523560 0.421561 0.522778
3 16 -1.576 -15.501 3.797 -2.908 -15.501 2.907 -1.670 -15.898 3.247 0.392223 0.735539 0.422422 0.753605 0.393234 0.750172
3 16 -2.908 -15.501 2.907 -2.564 -15.891 2.575 -1.670 -15.898 3.247 0.422422 0.753605 0.413313 0.763188 0.393234 0.750172
3 16 2.624 -16.935 -0.019 2.624 -16.935 -2.244 2.749 -16.197 -1.295 0.823267 0.675235 0.775898 0.668828 0.798107 0.655742
3 16 2.624 -16.935 -2.244 2.617 -16.185 -2.406 2.749 -16.197 -1.295 0.775898 0.668828 0.774401 0.652504 0.798107 0.655742
3 16 2.905 -0.002 -2.901 3.793 -0.002 -1.566 2.905 -15.501 -2.901 0.339813 0.375679 0.339820 0.410002 0.007896 0.375672
3 16 3.793 -0.002 -1.566 3.793 -15.501 -1.566 2.905 -15.501 -2.901 0.339820 0.410002 0.007885 0.410005 0.007896 0.375672
3 16 -0.005 -13.334 -4.109 -0.005 -0.002 -4.109 1.571 -13.674 -3.795 0.054309 0.306894 0.339810 0.306900 0.047011 0.341301
3 16 -0.005 -0.002 -4.109 1.571 -0.002 -3.795 1.571 -13.674 -3.795 0.339810 0.306900 0.339811 0.341305 0.047011 0.341301
3 16 1.571 -13.674 -3.795 2.905 -15.501 -2.901 1.379 -14.149 -3.585 0.321748 0.921935 0.286978 0.883610 0.324919 0.910950
3 16 2.905 -15.501 -2.901 2.858 -15.979 -2.790 1.379 -14.149 -3.585 0.286978 0.883610 0.289397 0.875163 0.324919 0.910950
3 16 2.624 -19.238 2.246 -2.638 -19.239 2.244 2.820 -21.199 2.487 0.365218 0.571751 0.477457 0.572692 0.360860 0.614255
3 16 -2.638 -19.239 2.244 -2.906 -21.198 2.480 2.820 -21.199 2.487 0.477457 0.572692 0.482631 0.615209 0.360860 0.614255
3 16 -2.908 -15.501 2.907 -1.576 -15.501 3.797 -2.908 -0.002 2.907 0.007863 0.100913 0.007843 0.066603 0.339948 0.101004
3 16 -1.576 -15.501 3.797 -1.873 -4.607 3.541 -2.908 -0.002 2.907 0.007843 0.066603 0.241286 0.074238 0.339948 0.101004
3 16 2.624 -19.238 2.246 2.820 -21.199 2.487 2.624 -19.235 -2.266 0.863843 0.731200 0.862262 0.773512 0.768585 0.717299
3 16 2.820 -21.199 2.487 2.820 -21.198 -2.173 2.624 -19.235 -2.266 0.862262 0.773512 0.764280 0.759271 0.768585 0.717299
3 16 2.617 -16.185 -2.406 1.232 -14.935 -2.702 2.858 -15.979 -2.790 0.294435 0.867138 0.327430 0.886216 0.289397 0.875163
3 16 1.232 -14.935 -2.702 1.379 -14.149 -3.585 2.858 -15.979 -2.790 0.327430 0.886216 0.324919 0.910950 0.289397 0.875163
3 16 2.624 -16.935 -2.244 2.624 -16.935 -0.019 2.624 -19.235 -2.266 0.775898 0.668828 0.823267 0.675235 0.768585 0.717299
3 16 2.899 -0.002 2.907 -0.005 0.000 0.005 1.567 -0.002 3.797 0.485818 0.883565 0.548222 0.821617 0.514278 0.902736
3 16 3.788 -0.002 1.575 -0.005 0.000 0.005 2.899 -0.002 2.907 0.466865 0.854964 0.548222 0.821617 0.485818 0.883565
3 16 4.100 -0.002 0.005 -0.005 0.000 0.005 3.788 -0.002 1.575 0.460301 0.821307 0.548222 0.821617 0.466865 0.854964
3 16 -0.005 -13.334 -4.109 1.571 -13.674 -3.795 -0.005 -13.767 -3.694 0.356392 0.929019 0.321748 0.921935 0.356456 0.916128
3 16 1.571 -13.674 -3.795 1.379 -14.149 -3.585 -0.005 -13.767 -3.694 0.321748 0.921935 0.324919 0.910950 0.356456 0.916128
3 16 -2.908 -15.501 2.907 -3.797 -15.501 1.575 -2.564 -15.891 2.575 0.422422 0.753605 0.443304 0.782335 0.413313 0.763188
3 16 -3.797 -15.501 1.575 -3.368 -15.898 1.395 -2.564 -15.891 2.575 0.443304 0.782335 0.431609 0.788020 0.413313 0.763188
3 16 -2.431 -16.271 2.236 -2.564 -15.891 2.575 -2.912 -16.216 1.254 0.408701 0.772970 0.413313 0.763188 0.419932 0.792480
3 16 -2.564 -15.891 2.575 -3.368 -15.898 1.395 -2.912 -16.216 1.254 0.413313 0.763188 0.431609 0.788020 0.419932 0.792480
3 16 -2.638 -16.935 2.260 -2.431 -16.271 2.236 -2.638 -16.935 -0.018 0.639782 0.677054 0.637250 0.662646 0.688336 0.669509
3 16 -2.431 -16.271 2.236 -2.912 -16.216 1.254 -2.638 -16.935 -0.018 0.637250 0.662646 0.659511 0.656781 0.688336 0.669509
3 16 1.232 -14.935 -2.702 2.617 -16.185 -2.406 0.968 -15.633 -2.180 0.175450 0.838495 0.146211 0.809694 0.181986 0.819946
3 16 2.617 -16.185 -2.406 2.624 -16.935 -2.244 0.968 -15.633 -2.180 0.146211 0.809694 0.145834 0.793029 0.181986 0.819946
3 16 1.567 -0.002 3.797 -0.005 0.000 0.005 -0.005 -0.002 4.109 0.514278 0.902736 0.548222 0.821617 0.547910 0.909539
3 16 3.793 -0.002 -1.566 -0.005 0.000 0.005 4.100 -0.002 0.005 0.467006 0.787682 0.548222 0.821617 0.460301 0.821307
3 16 2.905 -0.002 -2.901 -0.005 0.000 0.005 3.793 -0.002 -1.566 0.486123 0.759156 0.548222 0.821617 0.467006 0.787682
3 16 -0.005 -13.334 -4.109 -0.005 -13.767 -3.694 -1.580 -13.674 -3.795 0.356392 0.929019 0.356456 0.916128 0.390920 0.922056
3 16 -0.005 -13.767 -3.694 -1.399 -14.129 -3.561 -1.580 -13.674 -3.795 0.356456 0.916128 0.388157 0.911158 0.390920 0.922056
3 16 -0.005 -0.002 -4.109 -0.005 -13.334 -4.109 -1.580 -0.002 -3.795 0.339810 0.306900 0.054309 0.306894 0.339811 0.272495
3 16 -0.005 -13.334 -4.109 -1.580 -13.674 -3.795 -1.580 -0.002 -3.795 0.054309 0.306894 0.047030 0.272486 0.339811 0.272495
3 16 -0.005 -13.767 -3.694 1.379 -14.149 -3.585 -0.005 -14.545 -2.873 0.356456 0.916128 0.324919 0.910950 0.356716 0.890105
3 16 1.379 -14.149 -3.585 1.232 -14.935 -2.702 -0.005 -14.545 -2.873 0.324919 0.910950 0.327430 0.886216 0.356716 0.890105
3 16 -2.908 -15.501 2.907 -2.908 -0.002 2.907 -3.797 -15.501 1.575 0.007863 0.100913 0.339948 0.101004 0.007877 0.135217
3 16 -2.908 -0.002 2.907 -3.797 -0.002 1.575 -3.797 -15.501 1.575 0.339948 0.101004 0.339875 0.135279 0.007877 0.135217
3 16 -2.638 -16.935 -0.018 -2.638 -16.935 -2.244 -2.638 -19.239 2.244 0.688336 0.669509 0.735670 0.662922 0.647819 0.725233
3 16 -2.638 -16.935 -2.244 -2.638 -19.235 -2.267 -2.638 -19.239 2.244 0.735670 0.662922 0.743086 0.711425 0.647819 0.725233
3 16 2.820 -21.199 2.487 -2.906 -21.198 2.480 4.333 -22.867 3.019 0.360860 0.614255 0.482631 0.615209 0.329387 0.652752
3 16 -2.906 -21.198 2.480 -4.323 -22.863 3.022 4.333 -22.867 3.019 0.482631 0.615209 0.511405 0.654157 0.329387 0.652752
3 16 2.820 -21.199 2.487 4.333 -22.867 3.019 2.820 -21.198 -2.173 0.862262 0.773512 0.863886 0.822012 0.764280 0.759271
3 16 4.333 -22.867 3.019 4.333 -22.950 -1.675 2.820 -21.198 -2.173 0.863886 0.822012 0.767068 0.809715 0.764280 0.759271
3 16 0.968 -15.633 -2.180 -0.005 -15.215 -2.180 1.232 -14.935 -2.702 0.181986 0.819946 0.202510 0.828065 0.175450 0.838495
3 16 -0.005 -15.215 -2.180 -0.005 -14.545 -2.873 1.232 -14.935 -2.702 0.202510 0.828065 0.202652 0.848363 0.175450 0.838495
3 16 -2.638 -19.235 -2.267 -2.638 -16.935 -2.244 0.002 -16.934 -2.289 0.258447 0.742726 0.258755 0.792286 0.202102 0.791751
3 16 1.571 -0.002 -3.795 -0.005 0.000 0.005 2.905 -0.002 -2.901 0.514757 0.740114 0.548222 0.821617 0.486123 0.759156
3 16 -0.005 -0.002 4.109 -0.005 0.000 0.005 -1.576 -0.002 3.797 0.547910 0.909539 0.548222 0.821617 0.581592 0.902977
3 16 -0.005 -13.767 -3.694 -0.005 -14.545 -2.873 -1.399 -14.129 -3.561 0.356456 0.916128 0.356716 0.890105 0.388157 0.911158
3 16 -0.005 -14.545 -2.873 -1.271 -14.921 -2.727 -1.399 -14.129 -3.561 0.356716 0.890105 0.386519 0.887030 0.388157 0.911158
3 16 -3.368 -15.898 1.395 -3.797 -15.501 1.575 -3.679 -15.949 0.005 0.431609 0.788020 0.443304 0.782335 0.439302 0.817815
3 16 -3.797 -15.501 1.575 -4.109 -15.501 0.005 -3.679 -15.949 0.005 0.443304 0.782335 0.452803 0.817293 0.439302 0.817815
3 16 -2.912 -16.216 1.254 -2.849 -16.185 0.005 -2.638 -16.935 -0.018 0.659511 0.656781 0.685719 0.653038 0.688336 0.669509
3 16 -2.912 -16.216 1.254 -3.368 -15.898 1.395 -2.849 -16.185 0.005 0.419932 0.792480 0.431609 0.788020 0.420758 0.818914
3 16 -3.368 -15.898 1.395 -3.679 -15.949 0.005 -2.849 -16.185 0.005 0.431609 0.788020 0.439302 0.817815 0.420758 0.818914
3 16 -0.005 -15.215 -2.180 0.968 -15.633 -2.180 0.002 -16.934 -2.289 0.202510 0.828065 0.181986 0.819946 0.202102 0.791751
3 16 0.968 -15.633 -2.180 2.624 -16.935 -2.244 0.002 -16.934 -2.289 0.181986 0.819946 0.145834 0.793029 0.202102 0.791751
3 16 2.820 -21.198 -2.173 -2.906 -21.197 -2.176 2.624 -19.235 -2.266 0.140891 0.701374 0.263953 0.700485 0.145461 0.743490
3 16 -2.906 -21.197 -2.176 -2.638 -19.235 -2.267 2.624 -19.235 -2.266 0.263953 0.700485 0.258447 0.742726 0.145461 0.743490
3 16 -0.005 -0.002 -4.109 -0.005 0.000 0.005 1.571 -0.002 -3.795 0.548533 0.733502 0.548222 0.821617 0.514757 0.740114
3 16 -1.580 -13.674 -3.795 -1.399 -14.129 -3.561 -2.914 -15.501 -2.901 0.390920 0.922056 0.388157 0.911158 0.426310 0.884527
3 16 -1.399 -14.129 -3.561 -2.851 -15.979 -2.790 -2.914 -15.501 -2.901 0.388157 0.911158 0.423756 0.876055 0.426310 0.884527
3 16 -0.005 -14.545 -2.873 -0.005 -15.215 -2.180 -1.271 -14.921 -2.727 0.202652 0.848363 0.202510 0.828065 0.230415 0.838830
3 16 -0.005 -15.215 -2.180 -1.173 -15.650 -2.180 -1.271 -14.921 -2.727 0.202510 0.828065 0.226941 0.819285 0.230415 0.838830
3 16 -3.797 -15.501 1.575 -3.797 -0.002 1.575 -4.109 -15.501 0.005 0.007877 0.135217 0.339875 0.135279 0.007884 0.169499
3 16 -3.797 -0.002 1.575 -4.109 -0.002 0.005 -4.109 -15.501 0.005 0.339875 0.135279 0.339839 0.169538 0.007884 0.169499
3 16 -2.638 -19.239 2.244 -2.638 -19.235 -2.267 -2.906 -21.198 2.480 0.647819 0.725233 0.743086 0.711425 0.649519 0.767877
3 16 -2.638 -19.235 -2.267 -2.906 -21.197 -2.176 -2.906 -21.198 2.480 0.743086 0.711425 0.747468 0.753590 0.649519 0.767877
3 16 4.333 -22.867 3.019 -4.323 -22.863 3.022 5.492 -24.048 3.288 0.329387 0.652752 0.511405 0.654157 0.305815 0.678765
3 16 -4.323 -22.863 3.022 -5.397 -23.962 3.276 5.492 -24.048 3.288 0.511405 0.654157 0.533443 0.678511 0.305815 0.678765
3 16 -1.873 -4.607 3.541 -1.873 -3.393 3.541 -2.908 -0.002 2.907 0.241286 0.074238 0.267292 0.074269 0.339948 0.101004
3 16 4.333 -22.867 3.019 5.492 -24.048 3.288 4.333 -22.950 -1.675 0.863886 0.822012 0.863968 0.858316 0.767068 0.809715
3 16 5.492 -24.048 3.288 5.492 -24.084 -1.270 4.333 -22.950 -1.675 0.863968 0.858316 0.771294 0.845228 0.767068 0.809715
3 16 -0.005 -15.215 -2.180 0.002 -16.934 -2.289 -1.173 -15.650 -2.180 0.202510 0.828065 0.202102 0.791751 0.226941 0.819285
3 16 0.002 -16.934 -2.289 -2.638 -16.935 -2.244 -1.173 -15.650 -2.180 0.202102 0.791751 0.258755 0.792286 0.226941 0.819285
3 16 4.333 -22.950 -1.675 -4.323 -22.948 -1.679 2.820 -21.198 -2.173 0.107802 0.662995 0.294418 0.661647 0.140891 0.701374
3 16 -4.323 -22.948 -1.679 -2.906 -21.197 -2.176 2.820 -21.198 -2.173 0.294418 0.661647 0.263953 0.700485 0.140891 0.701374
3 16 -0.005 0.000 0.005 -2.908 -0.002 2.907 -1.576 -0.002 3.797 0.548222 0.821617 0.610185 0.884005 0.581592 0.902977
3 16 -1.399 -14.129 -3.561 -1.271 -14.921 -2.727 -2.851 -15.979 -2.790 0.388157 0.911158 0.386519 0.887030 0.423756 0.876055
3 16 -1.271 -14.921 -2.727 -2.634 -16.150 -2.411 -2.851 -15.979 -2.790 0.386519 0.887030 0.419253 0.868339 0.423756 0.876055
3 16 -3.679 -15.949 0.005 -3.335 -15.882 -1.370 -2.849 -16.185 0.005 0.439302 0.817815 0.434932 0.847890 0.420758 0.818914
3 16 -3.335 -15.882 -1.370 -2.795 -16.148 -1.223 -2.849 -16.185 0.005 0.434932 0.847890 0.421347 0.844468 0.420758 0.818914
3 16 -4.109 -15.501 0.005 -3.802 -15.500 -1.566 -3.679 -15.949 0.005 0.452803 0.817293 0.447618 0.853708 0.439302 0.817815
3 16 -3.802 -15.500 -1.566 -3.335 -15.882 -1.370 -3.679 -15.949 0.005 0.447618 0.853708 0.434932 0.847890 0.439302 0.817815
3 16 -2.849 -16.185 0.005 -2.795 -16.148 -1.223 -2.638 -16.935 -0.018 0.685719 0.653038 0.711601 0.648938 0.688336 0.669509
3 16 5.492 -24.084 -1.270 -5.397 -24.003 -1.334 4.333 -22.950 -1.675 0.083249 0.637700 0.316990 0.637989 0.107802 0.662995
3 16 -5.397 -24.003 -1.334 -4.323 -22.948 -1.679 4.333 -22.950 -1.675 0.316990 0.637989 0.294418 0.661647 0.107802 0.662995
3 16 -0.005 -0.002 -4.109 -1.580 -0.002 -3.795 -0.005 0.000 0.005 0.548533 0.733502 0.582263 0.740351 0.548222 0.821617
3 16 -3.797 -0.002 1.575 -2.908 -0.002 2.907 -0.005 0.000 0.005 0.629338 0.855538 0.610185 0.884005 0.548222 0.821617
3 16 -3.802 -15.500 -1.566 -3.802 -0.002 -1.566 -2.914 -15.501 -2.901 0.007897 0.203777 0.339823 0.203800 0.007891 0.238110
3 16 -3.802 -0.002 -1.566 -2.914 -0.002 -2.901 -2.914 -15.501 -2.901 0.339823 0.203800 0.339815 0.238122 0.007891 0.238110
3 16 -2.914 -15.501 -2.901 -2.851 -15.979 -2.790 -3.802 -15.500 -1.566 0.426310 0.884527 0.423756 0.876055 0.447618 0.853708
3 16 -2.851 -15.979 -2.790 -3.335 -15.882 -1.370 -3.802 -15.500 -1.566 0.423756 0.876055 0.434932 0.847890 0.447618 0.853708
3 16 -1.271 -14.921 -2.727 -1.173 -15.650 -2.180 -2.634 -16.150 -2.411 0.230415 0.838830 0.226941 0.819285 0.258652 0.809726
3 16 -1.173 -15.650 -2.180 -2.638 -16.935 -2.244 -2.634 -16.150 -2.411 0.226941 0.819285 0.258755 0.792286 0.258652 0.809726
3 16 -4.109 -15.501 0.005 -4.109 -0.002 0.005 -3.802 -15.500 -1.566 0.007884 0.169499 0.339839 0.169538 0.007897 0.203777
3 16 -4.109 -0.002 0.005 -3.802 -0.002 -1.566 -3.802 -15.500 -1.566 0.339839 0.169538 0.339823 0.203800 0.007897 0.203777
3 16 -2.906 -21.198 2.480 -2.906 -21.197 -2.176 -4.323 -22.863 3.022 0.649519 0.767877 0.747468 0.753590 0.647223 0.815091
3 16 -2.906 -21.197 -2.176 -4.323 -22.948 -1.679 -4.323 -22.863 3.022 0.747468 0.753590 0.744570 0.802731 0.647223 0.815091
3 16 5.492 -24.048 3.288 0.039 -24.290 3.406 5.890 -25.035 3.478 0.305815 0.678765 0.419447 0.683768 0.297231 0.698869
3 16 5.492 -24.048 3.288 -5.397 -23.962 3.276 0.039 -24.290 3.406 0.305815 0.678765 0.533443 0.678511 0.419447 0.683768
3 16 5.492 -24.048 3.288 5.890 -25.035 3.478 5.492 -24.084 -1.270 0.863968 0.858316 0.865232 0.882400 0.771294 0.845228
3 16 5.890 -25.035 3.478 5.890 -25.220 -1.028 5.492 -24.084 -1.270 0.865232 0.882400 0.772705 0.871456 0.771294 0.845228
3 16 5.890 -25.220 -1.028 -5.397 -24.003 -1.334 5.492 -24.084 -1.270 0.074456 0.612997 0.316990 0.637989 0.083249 0.637700
3 16 5.890 -25.220 -1.028 -5.894 -25.161 -1.025 -5.397 -24.003 -1.334 0.074456 0.612997 0.327304 0.612284 0.316990 0.637989
3 16 -1.580 -0.002 -3.795 -2.914 -0.002 -2.901 -0.005 0.000 0.005 0.582263 0.740351 0.610761 0.759597 0.548222 0.821617
3 16 -4.109 -0.002 0.005 -3.797 -0.002 1.575 -0.005 0.000 0.005 0.636142 0.821929 0.629338 0.855538 0.548222 0.821617
3 16 -2.634 -16.150 -2.411 -2.795 -16.148 -1.223 -2.851 -15.979 -2.790 0.419253 0.868339 0.421347 0.844468 0.423756 0.876055
3 16 -2.795 -16.148 -1.223 -3.335 -15.882 -1.370 -2.851 -15.979 -2.790 0.421347 0.844468 0.434932 0.847890 0.423756 0.876055
3 16 -2.795 -16.148 -1.223 -2.634 -16.150 -2.411 -2.638 -16.935 -0.018 0.711601 0.648938 0.737025 0.645852 0.688336 0.669509
3 16 -2.634 -16.150 -2.411 -2.638 -16.935 -2.244 -2.638 -16.935 -0.018 0.737025 0.645852 0.735670 0.662922 0.688336 0.669509
3 16 -5.397 -23.962 3.276 -5.894 -24.923 3.466 0.039 -24.290 3.406 0.533443 0.678511 0.543076 0.698618 0.419447 0.683768
3 16 -2.914 -0.002 -2.901 -3.802 -0.002 -1.566 -0.005 0.000 0.005 0.610761 0.759597 0.629671 0.788260 0.548222 0.821617
3 16 -3.802 -0.002 -1.566 -4.109 -0.002 0.005 -0.005 0.000 0.005 0.629671 0.788260 0.636142 0.821929 0.548222 0.821617
3 16 -4.323 -22.863 3.022 -4.323 -22.948 -1.679 -5.397 -23.962 3.276 0.647223 0.815091 0.744570 0.802731 0.646569 0.848853
3 16 -4.323 -22.948 -1.679 -5.397 -24.003 -1.334 -5.397 -23.962 3.276 0.744570 0.802731 0.741422 0.835655 0.646569 0.848853
3 16 0.039 -24.290 3.406 -0.005 -25.547 3.678 1.881 -26.005 3.608 0.419447 0.683768 0.420178 0.710710 0.378938 0.711293
3 16 0.039 -24.290 3.406 1.881 -26.005 3.608 5.890 -25.035 3.478 0.419447 0.683768 0.378938 0.711293 0.297231 0.698869
3 16 1.881 -26.005 3.608 6.022 -26.281 3.568 5.890 -25.035 3.478 0.378938 0.711293 0.290842 0.724073 0.297231 0.698869
3 16 5.890 -25.035 3.478 6.022 -26.281 3.568 5.890 -25.220 -1.028 0.865232 0.882400 0.865359 0.908483 0.772705 0.871456
3 16 6.022 -26.281 3.568 6.022 -26.356 -0.849 5.890 -25.220 -1.028 0.865359 0.908483 0.776348 0.896178 0.772705 0.871456
3 16 -1.959 -25.962 3.625 -0.005 -25.547 3.678 0.039 -24.290 3.406 0.462852 0.711939 0.420178 0.710710 0.419447 0.683768
3 16 0.039 -24.290 3.406 -5.894 -24.923 3.466 -1.959 -25.962 3.625 0.419447 0.683768 0.543076 0.698618 0.462852 0.711939
3 16 -5.894 -24.923 3.466 -6.022 -26.287 3.579 -1.959 -25.962 3.625 0.543076 0.698618 0.548983 0.725306 0.462852 0.711939
3 16 2.032 -26.403 -0.875 -2.011 -26.493 -0.920 5.890 -25.220 -1.028 0.163416 0.593986 0.236777 0.593618 0.074456 0.612997
3 16 -2.011 -26.493 -0.920 -5.894 -25.161 -1.025 5.890 -25.220 -1.028 0.236777 0.593618 0.327304 0.612284 0.074456 0.612997
3 16 -5.397 -23.962 3.276 -5.397 -24.003 -1.334 -5.894 -24.923 3.466 0.646569 0.848853 0.741422 0.835655 0.646200 0.873410
3 16 -5.397 -24.003 -1.334 -5.894 -25.161 -1.025 -5.894 -24.923 3.466 0.741422 0.835655 0.738608 0.863352 0.646200 0.873410
3 16 1.881 -26.005 3.608 -0.005 -25.547 3.678 1.420 -26.198 3.654 0.072275 0.928843 0.064706 0.894242 0.076452 0.922843
3 16 -0.005 -25.547 3.678 -0.005 -25.970 3.669 1.420 -26.198 3.654 0.064706 0.894242 0.072704 0.894083 0.076452 0.922843
3 16 6.022 -26.281 3.568 1.881 -26.005 3.608 6.022 -27.119 3.577 0.449707 0.048529 0.534795 0.037557 0.448641 0.066421
3 16 1.881 -26.005 3.608 2.453 -26.185 3.593 6.022 -27.119 3.577 0.534795 0.037557 0.520852 0.046950 0.448641 0.066421
3 16 6.022 -26.356 -0.849 6.022 -27.284 -0.808 2.032 -26.403 -0.875 0.731191 0.043932 0.730881 0.062667 0.644721 0.040345
3 16 6.022 -27.284 -0.808 2.641 -26.663 -0.791 2.032 -26.403 -0.875 0.730881 0.062667 0.658479 0.049136 0.644721 0.040345
3 16 6.022 -26.281 3.568 6.022 -27.119 3.577 6.022 -26.356 -0.849 0.585791 0.360817 0.589707 0.378260 0.493549 0.376209
3 16 6.022 -27.119 3.577 6.022 -27.284 -0.808 6.022 -26.356 -0.849 0.589707 0.378260 0.497360 0.395724 0.493549 0.376209
3 16 -2.390 -26.193 3.670 -1.959 -25.962 3.625 -6.022 -27.290 3.584 0.367250 0.046454 0.353349 0.036216 0.439515 0.069653
3 16 -1.959 -25.962 3.625 -6.022 -26.287 3.579 -6.022 -27.290 3.584 0.353349 0.036216 0.438634 0.048291 0.439515 0.069653
3 16 -1.959 -25.962 3.625 -1.371 -26.169 3.636 -0.005 -25.547 3.678 0.072072 0.859236 0.076834 0.865386 0.064706 0.894242
3 16 -1.371 -26.169 3.636 -0.005 -25.970 3.669 -0.005 -25.547 3.678 0.076834 0.865386 0.072704 0.894083 0.064706 0.894242
3 16 1.964 -26.740 2.832 2.863 -26.643 3.633 2.453 -26.185 3.593 0.093970 0.798655 0.101800 0.778209 0.109365 0.786720
3 16 2.032 -26.403 -0.875 1.473 -26.522 -0.901 -2.011 -26.493 -0.920 0.831254 0.039857 0.819634 0.044215 0.743880 0.038846
3 16 1.473 -26.522 -0.901 -1.582 -26.537 -0.769 -2.011 -26.493 -0.920 0.819634 0.044215 0.757975 0.046379 0.743880 0.038846
3 16 2.641 -26.663 -0.791 2.852 -26.947 -0.797 2.011 -26.866 -0.262 0.256180 0.066719 0.251262 0.070200 0.247057 0.052817
3 16 -2.390 -26.193 3.670 -2.039 -26.672 2.862 -1.959 -25.962 3.625 0.076822 0.761813 0.091038 0.771634 0.072969 0.772607
3 16 -1.959 -25.962 3.625 -2.039 -26.672 2.862 -1.371 -26.169 3.636 0.072969 0.772607 0.091038 0.771634 0.075382 0.786374
3 16 -5.894 -24.923 3.466 -5.894 -25.161 -1.025 -6.022 -26.287 3.579 0.646200 0.873410 0.738608 0.863352 0.645763 0.900939
3 16 -5.894 -25.161 -1.025 -6.022 -26.393 -0.860 -6.022 -26.287 3.579 0.738608 0.863352 0.734253 0.889924 0.645763 0.900939
3 16 -5.894 -25.161 -1.025 -2.011 -26.493 -0.920 -6.022 -26.393 -0.860 0.327304 0.612284 0.236777 0.593618 0.329883 0.586802
3 16 2.453 -26.185 3.593 2.863 -26.643 3.633 6.022 -27.119 3.577 0.520852 0.046950 0.516361 0.056178 0.448641 0.066421
3 16 1.420 -26.198 3.654 -0.005 -25.970 3.669 1.120 -26.557 3.623 0.076452 0.922843 0.072704 0.894083 0.084717 0.917844
3 16 -0.005 -25.970 3.669 -0.005 -26.569 3.662 1.120 -26.557 3.623 0.072704 0.894083 0.085492 0.894237 0.084717 0.917844
3 16 2.011 -26.866 -0.262 1.181 -26.956 -0.844 1.473 -26.522 -0.901 0.247057 0.052817 0.251289 0.033390 0.259036 0.040758
3 16 2.641 -26.663 -0.791 6.022 -27.284 -0.808 2.852 -26.947 -0.797 0.658479 0.049136 0.730881 0.062667 0.662367 0.054954
3 16 -2.390 -26.193 3.670 -6.022 -27.290 3.584 -2.692 -26.511 3.660 0.367250 0.046454 0.439515 0.069653 0.369011 0.052730
3 16 -1.371 -26.169 3.636 -1.163 -26.572 3.628 -0.005 -25.970 3.669 0.076834 0.865386 0.085631 0.869938 0.072704 0.894083
3 16 -1.163 -26.572 3.628 -0.005 -26.569 3.662 -0.005 -25.970 3.669 0.085631 0.869938 0.085492 0.894237 0.072704 0.894083
3 16 -6.022 -26.287 3.579 -6.022 -26.393 -0.860 -6.022 -27.290 3.584 0.633959 0.354760 0.726772 0.370779 0.629782 0.375607
3 16 -6.022 -26.393 -0.860 -6.022 -27.281 -0.805 -6.022 -27.290 3.584 0.726772 0.370779 0.722784 0.389427 0.629782 0.375607
3 16 1.120 -26.557 3.623 1.964 -26.740 2.832 1.420 -26.198 3.654 0.102633 0.817686 0.093970 0.798655 0.110291 0.810980
3 16 -2.389 -26.560 -0.938 -6.022 -26.393 -0.860 -2.011 -26.493 -0.920 0.622365 0.044506 0.547618 0.042869 0.633029 0.037956
3 16 -2.389 -26.560 -0.938 -6.022 -27.281 -0.805 -6.022 -26.393 -0.860 0.622365 0.044506 0.547973 0.061513 0.547618 0.042869
3 16 1.473 -26.522 -0.901 1.181 -26.956 -0.844 -1.582 -26.537 -0.769 0.819634 0.044215 0.813600 0.054341 0.757975 0.046379
3 16 1.181 -26.956 -0.844 -1.223 -26.886 -0.792 -1.582 -26.537 -0.769 0.813600 0.054341 0.762056 0.053109 0.757975 0.046379
3 16 2.863 -26.643 3.633 1.964 -26.740 2.832 2.870 -27.442 3.637 0.825360 0.340528 0.846059 0.335891 0.826743 0.353293
3 16 1.964 -26.740 2.832 1.985 -27.420 2.877 2.870 -27.442 3.637 0.846059 0.335891 0.849428 0.350989 0.826743 0.353293
3 16 1.120 -26.557 3.623 0.703 -27.797 3.550 1.042 -28.011 3.552 0.084717 0.917844 0.110803 0.909963 0.116046 0.916255
3 16 1.120 -26.557 3.623 -0.005 -26.569 3.662 0.703 -27.797 3.550 0.084717 0.917844 0.085492 0.894237 0.110803 0.909963
3 16 -0.005 -26.569 3.662 -0.005 -27.599 3.601 0.703 -27.797 3.550 0.085492 0.894237 0.107221 0.894479 0.110803 0.909963
3 16 6.022 -27.119 3.577 2.863 -26.643 3.633 6.022 -28.098 3.617 0.448641 0.066421 0.516361 0.056178 0.448638 0.087424
3 16 2.863 -26.643 3.633 2.870 -27.442 3.637 6.022 -28.098 3.617 0.516361 0.056178 0.515970 0.073354 0.448638 0.087424
3 16 6.022 -27.119 3.577 6.022 -28.098 3.617 6.022 -27.284 -0.808 0.589707 0.378260 0.593665 0.398869 0.497360 0.395724
3 16 6.022 -28.098 3.617 6.022 -28.146 -0.788 6.022 -27.284 -0.808 0.593665 0.398869 0.500529 0.413914 0.497360 0.395724
3 16 2.870 -27.497 -0.807 1.982 -27.529 -0.210 2.852 -26.947 -0.797 0.810482 0.372353 0.789430 0.373286 0.808355 0.360175
3 16 1.982 -27.529 -0.210 2.011 -26.866 -0.262 2.852 -26.947 -0.797 0.789430 0.373286 0.791960 0.359154 0.808355 0.360175
3 16 2.852 -26.947 -0.797 6.022 -27.284 -0.808 2.870 -27.497 -0.807 0.662367 0.054954 0.730881 0.062667 0.662554 0.066567
3 16 6.022 -27.284 -0.808 6.022 -28.146 -0.788 2.870 -27.497 -0.807 0.730881 0.062667 0.730648 0.081378 0.662554 0.066567
3 16 -2.692 -26.511 3.660 -2.779 -27.442 3.641 -2.039 -26.672 2.862 0.948904 0.274489 0.950011 0.295201 0.929517 0.278264
3 16 -2.779 -27.442 3.641 -1.994 -27.422 2.940 -2.039 -26.672 2.862 0.950011 0.295201 0.928419 0.293625 0.929517 0.278264
3 16 -2.692 -26.511 3.660 -6.022 -27.290 3.584 -2.779 -27.442 3.641 0.369011 0.052730 0.439515 0.069653 0.370408 0.072849
3 16 -6.022 -27.290 3.584 -6.022 -28.128 3.623 -2.779 -27.442 3.641 0.439515 0.069653 0.439469 0.087652 0.370408 0.072849
3 16 -1.163 -26.572 3.628 -1.051 -28.011 3.552 -0.715 -27.797 3.551 0.085631 0.869938 0.116558 0.872856 0.111164 0.879022
3 16 -1.163 -26.572 3.628 -0.715 -27.797 3.551 -0.005 -26.569 3.662 0.085631 0.869938 0.111164 0.879022 0.085492 0.894237
3 16 -0.715 -27.797 3.551 -0.005 -27.599 3.601 -0.005 -26.569 3.662 0.111164 0.879022 0.107221 0.894479 0.085492 0.894237
3 16 -2.389 -26.560 -0.938 -2.726 -26.870 -0.826 -6.022 -27.281 -0.805 0.622365 0.044506 0.619227 0.051892 0.547973 0.061513
3 16 -2.005 -26.879 -0.289 -2.011 -26.493 -0.920 -1.582 -26.537 -0.769 0.091618 0.743138 0.104390 0.742558 0.102466 0.752012
3 16 1.181 -26.956 -0.844 2.011 -26.866 -0.262 1.067 -27.499 -0.823 0.986273 0.406112 0.966210 0.408367 0.986361 0.394036
3 16 2.011 -26.866 -0.262 1.982 -27.529 -0.210 1.067 -27.499 -0.823 0.966210 0.408367 0.965226 0.394851 0.986361 0.394036
3 16 1.181 -26.956 -0.844 1.067 -27.499 -0.823 -1.223 -26.886 -0.792 0.813600 0.054341 0.811404 0.066131 0.762056 0.053109
3 16 1.067 -27.499 -0.823 -1.100 -27.499 -0.824 -1.223 -26.886 -0.792 0.811404 0.066131 0.763749 0.066090 0.762056 0.053109
3 16 -6.022 -27.290 3.584 -6.022 -27.281 -0.805 -6.022 -28.128 3.623 0.629782 0.375607 0.722784 0.389427 0.626319 0.393231
3 16 -6.022 -27.281 -0.805 -6.022 -28.177 -0.804 -6.022 -28.128 3.623 0.722784 0.389427 0.719890 0.408390 0.626319 0.393231
3 16 2.870 -27.442 3.637 1.985 -27.420 2.877 2.870 -29.071 3.593 0.826743 0.353293 0.849428 0.350989 0.828456 0.387057
3 16 1.985 -27.420 2.877 1.970 -29.012 2.820 2.870 -29.071 3.593 0.849428 0.350989 0.851253 0.386337 0.828456 0.387057
3 16 6.022 -29.721 3.591 6.022 -28.098 3.617 2.870 -29.071 3.593 0.448680 0.122264 0.448638 0.087424 0.516064 0.108186
3 16 6.022 -28.098 3.617 2.870 -27.442 3.637 2.870 -29.071 3.593 0.448638 0.087424 0.515970 0.073354 0.516064 0.108186
3 16 6.022 -29.540 -0.889 6.022 -28.146 -0.788 6.022 -29.721 3.591 0.502839 0.443771 0.500529 0.413914 0.598245 0.433344
3 16 6.022 -28.146 -0.788 6.022 -28.098 3.617 6.022 -29.721 3.591 0.500529 0.413914 0.593665 0.398869 0.598245 0.433344
3 16 -2.389 -26.560 -0.938 -2.011 -26.493 -0.920 -2.005 -26.879 -0.289 0.102854 0.733928 0.104390 0.742558 0.091618 0.743138
3 16 -1.223 -26.886 -0.792 -1.100 -27.499 -0.824 -2.005 -26.879 -0.289 0.762260 0.361342 0.764203 0.374680 0.743421 0.361796
3 16 -1.100 -27.499 -0.824 -1.992 -27.524 -0.212 -2.005 -26.879 -0.289 0.764203 0.374680 0.742684 0.374984 0.743421 0.361796
3 16 1.982 -28.960 -0.139 1.982 -27.529 -0.210 2.870 -28.891 -0.891 0.789331 0.403791 0.789430 0.373286 0.812248 0.402446
3 16 1.982 -27.529 -0.210 2.870 -27.497 -0.807 2.870 -28.891 -0.891 0.789430 0.373286 0.810482 0.372353 0.812248 0.402446
3 16 2.870 -28.891 -0.891 2.870 -27.497 -0.807 6.022 -29.540 -0.889 0.662201 0.096463 0.662554 0.066567 0.730304 0.110943
3 16 2.870 -27.497 -0.807 6.022 -28.146 -0.788 6.022 -29.540 -0.889 0.662554 0.066567 0.730648 0.081378 0.730304 0.110943
3 16 -2.779 -27.442 3.641 -2.779 -29.070 3.604 -1.994 -27.422 2.940 0.950011 0.295201 0.948711 0.329718 0.928419 0.293625
3 16 -2.779 -29.070 3.604 -1.980 -29.013 2.821 -1.994 -27.422 2.940 0.948711 0.329718 0.925957 0.328384 0.928419 0.293625
3 16 -2.779 -29.070 3.604 -2.779 -27.442 3.641 -6.022 -29.752 3.602 0.370310 0.107649 0.370408 0.072849 0.439331 0.122520
3 16 -2.779 -27.442 3.641 -6.022 -28.128 3.623 -6.022 -29.752 3.602 0.370408 0.072849 0.439469 0.087652 0.439331 0.122520
3 16 1.985 -27.420 2.877 1.042 -28.011 3.552 1.344 -28.342 3.448 0.847078 0.056541 0.869430 0.061344 0.869656 0.071880
3 16 -2.726 -26.870 -0.826 -2.005 -26.879 -0.289 -2.779 -27.498 -0.826 0.870862 0.340834 0.886987 0.341073 0.868420 0.354015
3 16 -2.005 -26.879 -0.289 -1.992 -27.524 -0.212 -2.779 -27.498 -0.826 0.886987 0.341073 0.889521 0.354846 0.868420 0.354015
3 16 -2.726 -26.870 -0.826 -2.779 -27.498 -0.826 -6.022 -27.281 -0.805 0.619227 0.051892 0.618102 0.065519 0.547973 0.061513
3 16 -2.779 -27.498 -0.826 -6.022 -28.177 -0.804 -6.022 -27.281 -0.805 0.618102 0.065519 0.548243 0.081010 0.547973 0.061513
3 16 1.982 -27.529 -0.210 1.982 -28.960 -0.139 1.067 -27.499 -0.823 0.965226 0.394851 0.962368 0.364399 0.986361 0.394036
3 16 1.982 -28.960 -0.139 1.060 -28.892 -0.898 1.067 -27.499 -0.823 0.962368 0.364399 0.985857 0.364273 0.986361 0.394036
3 16 1.067 -27.499 -0.823 1.060 -28.892 -0.898 -1.100 -27.499 -0.824 0.811404 0.066131 0.811203 0.095886 0.763749 0.066090
3 16 1.060 -28.892 -0.898 -1.100 -28.892 -0.898 -1.100 -27.499 -0.824 0.811203 0.095886 0.763839 0.095904 0.763749 0.066090
3 16 1.980 -33.226 2.368 2.870 -33.374 3.224 1.994 -30.595 2.611 0.847697 0.479087 0.827187 0.477085 0.850141 0.421587
3 16 2.870 -33.374 3.224 2.870 -30.697 3.524 1.994 -30.595 2.611 0.827187 0.477085 0.828339 0.421787 0.850141 0.421587
3 16 2.870 -33.374 3.224 6.022 -33.858 3.216 2.870 -30.697 3.524 0.516457 0.200381 0.449310 0.211703 0.516170 0.142989
3 16 6.022 -33.858 3.216 6.022 -31.346 3.531 2.870 -30.697 3.524 0.449310 0.211703 0.448923 0.157210 0.516170 0.142989
3 16 6.022 -30.957 -0.954 6.022 -31.346 3.531 6.022 -32.647 -1.141 0.505967 0.473999 0.602012 0.467981 0.508110 0.510445
3 16 6.022 -31.346 3.531 6.022 -33.858 3.216 6.022 -32.647 -1.141 0.602012 0.467981 0.603485 0.522154 0.508110 0.510445
3 16 6.022 -32.647 -1.141 2.870 -32.106 -1.081 6.022 -30.957 -0.954 0.729024 0.177594 0.662032 0.165698 0.729970 0.141210
3 16 2.870 -32.106 -1.081 2.870 -30.313 -0.953 6.022 -30.957 -0.954 0.662032 0.165698 0.661832 0.126942 0.729970 0.141210
3 16 -1.100 -27.499 -0.824 -1.100 -28.892 -0.898 -1.992 -27.524 -0.212 0.764203 0.374680 0.765103 0.404362 0.742684 0.374984
3 16 -1.100 -28.892 -0.898 -1.992 -28.958 -0.149 -1.992 -27.524 -0.212 0.765103 0.404362 0.741797 0.405584 0.742684 0.374984
3 16 1.060 -30.313 -0.966 1.060 -32.106 -1.082 -1.100 -30.313 -0.966 0.811184 0.126320 0.810584 0.164818 0.763908 0.126354
3 16 1.060 -32.106 -1.082 -1.100 -32.106 -1.082 -1.100 -30.313 -0.966 0.810584 0.164818 0.764547 0.164831 0.763908 0.126354
3 16 1.983 -30.416 -0.104 2.870 -30.313 -0.953 1.984 -32.271 -0.250 0.787252 0.434747 0.812531 0.433348 0.786200 0.473745
3 16 2.870 -30.313 -0.953 2.870 -32.106 -1.081 1.984 -32.271 -0.250 0.812531 0.433348 0.810846 0.472636 0.786200 0.473745
3 16 -2.779 -30.697 3.516 -2.779 -33.380 3.227 -2.000 -30.594 2.633 0.948781 0.363821 0.949660 0.420440 0.927184 0.363427
3 16 -2.779 -33.380 3.227 -1.989 -33.239 2.391 -2.000 -30.594 2.633 0.949660 0.420440 0.929313 0.421417 0.927184 0.363427
3 16 -2.779 -30.697 3.516 -6.022 -31.377 3.522 -2.779 -33.380 3.227 0.370122 0.142437 0.438945 0.157493 0.369768 0.199893
3 16 -6.022 -31.377 3.522 -6.022 -33.883 3.216 -2.779 -33.380 3.227 0.438945 0.157493 0.438385 0.211854 0.369768 0.199893
3 16 -6.022 -28.177 -0.804 -6.022 -29.571 -0.895 -6.022 -28.128 3.623 0.719890 0.408390 0.717375 0.438205 0.626319 0.393231
3 16 -6.022 -29.571 -0.895 -6.022 -29.752 3.602 -6.022 -28.128 3.623 0.717375 0.438205 0.621639 0.427704 0.626319 0.393231
3 16 1.150 -29.860 3.415 0.734 -30.277 3.455 1.083 -31.885 3.370 0.011153 0.589519 0.018045 0.595902 0.011063 0.629323
3 16 6.022 -33.858 3.216 2.870 -33.374 3.224 6.022 -36.295 2.633 0.449310 0.211703 0.516457 0.200381 0.450385 0.265813
3 16 2.870 -33.374 3.224 2.870 -36.029 2.631 6.022 -36.295 2.633 0.516457 0.200381 0.518038 0.258244 0.450385 0.265813
3 16 -2.779 -28.892 -0.898 -2.779 -27.498 -0.826 -1.992 -28.958 -0.149 0.867607 0.384231 0.868420 0.354015 0.889696 0.385438
3 16 -2.779 -27.498 -0.826 -1.992 -27.524 -0.212 -1.992 -28.958 -0.149 0.868420 0.354015 0.889521 0.354846 0.889696 0.385438
3 16 -6.022 -29.571 -0.895 -6.022 -28.177 -0.804 -2.779 -28.892 -0.898 0.548598 0.110545 0.548243 0.081010 0.617837 0.095527
3 16 -6.022 -28.177 -0.804 -2.779 -27.498 -0.826 -2.779 -28.892 -0.898 0.548243 0.081010 0.618102 0.065519 0.617837 0.095527
3 16 1.060 -30.313 -0.966 1.983 -30.416 -0.104 1.060 -32.106 -1.082 0.985162 0.333862 0.958659 0.333372 0.983297 0.295426
3 16 1.983 -30.416 -0.104 1.984 -32.271 -0.250 1.060 -32.106 -1.082 0.958659 0.333372 0.957420 0.293795 0.983297 0.295426
3 16 1.060 -32.106 -1.082 1.060 -34.367 -1.519 -1.100 -32.106 -1.082 0.810584 0.164818 0.811005 0.214167 0.764547 0.164831
3 16 1.060 -34.367 -1.519 -1.100 -34.367 -1.524 -1.100 -32.106 -1.082 0.811005 0.214167 0.764125 0.214172 0.764547 0.164831
3 16 -1.100 -30.313 -0.966 -1.100 -32.106 -1.082 -1.991 -30.414 -0.119 0.766049 0.434800 0.766395 0.473315 0.740003 0.436724
3 16 -1.100 -32.106 -1.082 -1.991 -32.267 -0.265 -1.991 -30.414 -0.119 0.766395 0.473315 0.740889 0.476277 0.740003 0.436724
3 16 2.870 -32.106 -1.081 6.022 -32.647 -1.141 2.870 -34.367 -1.521 0.662032 0.165698 0.729024 0.177594 0.661515 0.215141
3 16 6.022 -32.647 -1.141 6.022 -34.778 -1.472 2.870 -34.367 -1.521 0.729024 0.177594 0.729800 0.223276 0.661515 0.215141
3 16 -1.989 -33.239 2.391 -1.112 -33.371 3.224 -2.000 -30.594 2.633 0.910200 0.181364 0.888720 0.180276 0.909551 0.122743
3 16 -1.112 -33.371 3.224 -1.125 -31.886 3.370 -2.000 -30.594 2.633 0.888720 0.180276 0.888296 0.149610 0.909551 0.122743
3 16 1.980 -33.226 2.368 1.981 -35.722 1.749 2.870 -33.374 3.224 0.847697 0.479087 0.846800 0.535429 0.827187 0.477085
3 16 1.981 -35.722 1.749 2.870 -36.029 2.631 2.870 -33.374 3.224 0.846800 0.535429 0.825101 0.535366 0.827187 0.477085
3 16 1.980 -33.226 2.368 1.994 -30.595 2.611 1.068 -33.367 3.222 0.850944 0.181129 0.851814 0.122871 0.872781 0.179921
3 16 1.994 -30.595 2.611 1.083 -31.885 3.370 1.068 -33.367 3.222 0.851814 0.122871 0.873406 0.149479 0.872781 0.179921
3 16 6.022 -33.858 3.216 6.022 -36.295 2.633 6.022 -32.647 -1.141 0.603485 0.522154 0.598954 0.575637 0.508110 0.510445
3 16 6.022 -36.295 2.633 6.022 -34.778 -1.472 6.022 -32.647 -1.141 0.598954 0.575637 0.507183 0.556564 0.508110 0.510445
3 16 1.060 -32.106 -1.082 1.984 -32.271 -0.250 1.060 -34.367 -1.519 0.983297 0.295426 0.957420 0.293795 0.986380 0.246523
3 16 1.984 -32.271 -0.250 1.984 -34.653 -0.788 1.060 -34.367 -1.519 0.957420 0.293795 0.961562 0.241843 0.986380 0.246523
3 16 1.060 -34.367 -1.519 1.077 -36.541 -2.211 -1.100 -34.367 -1.524 0.811005 0.214167 0.810714 0.262934 0.764125 0.214172
3 16 1.077 -36.541 -2.211 -1.121 -36.542 -2.212 -1.100 -34.367 -1.524 0.810714 0.262934 0.764320 0.262995 0.764125 0.214172
3 16 -1.100 -32.106 -1.082 -1.100 -34.367 -1.524 -1.991 -32.267 -0.265 0.766395 0.473315 0.772065 0.522466 0.740889 0.476277
3 16 -1.100 -34.367 -1.524 -1.991 -34.634 -0.836 -1.991 -32.267 -0.265 0.772065 0.522466 0.748505 0.527625 0.740889 0.476277
3 16 2.870 -32.106 -1.081 2.870 -34.367 -1.521 1.984 -32.271 -0.250 0.810846 0.472636 0.811857 0.522036 0.786200 0.473745
3 16 2.870 -34.367 -1.521 1.984 -34.653 -0.788 1.984 -32.271 -0.250 0.811857 0.522036 0.788124 0.525901 0.786200 0.473745
3 16 -1.989 -33.239 2.391 -2.779 -33.380 3.227 -1.993 -35.751 1.826 0.929313 0.421417 0.949660 0.420440 0.930095 0.477476
3 16 -2.779 -33.380 3.227 -2.779 -36.029 2.634 -1.993 -35.751 1.826 0.949660 0.420440 0.951307 0.478120 0.930095 0.477476
3 16 -2.779 -33.380 3.227 -6.022 -33.883 3.216 -2.779 -36.029 2.634 0.369768 0.199893 0.438385 0.211854 0.368160 0.257593
3 16 -6.022 -33.883 3.216 -6.022 -36.306 2.633 -2.779 -36.029 2.634 0.438385 0.211854 0.437207 0.265645 0.368160 0.257593
3 16 -6.022 -30.988 -0.958 -6.022 -32.674 -1.141 -6.022 -31.377 3.522 0.714197 0.468418 0.712029 0.504786 0.618350 0.462414
3 16 -6.022 -32.674 -1.141 -6.022 -33.883 3.216 -6.022 -31.377 3.522 0.712029 0.504786 0.616755 0.516431 0.618350 0.462414
3 16 2.870 -36.029 2.631 2.870 -38.023 2.144 6.022 -36.295 2.633 0.518038 0.258244 0.518690 0.301098 0.450385 0.265813
3 16 2.870 -38.023 2.144 6.022 -38.084 2.151 6.022 -36.295 2.633 0.518690 0.301098 0.452963 0.306181 0.450385 0.265813
3 16 6.022 -34.778 -1.472 6.022 -36.295 2.633 6.022 -36.709 -2.180 0.507183 0.556564 0.598954 0.575637 0.498329 0.599722
3 16 6.022 -36.295 2.633 6.022 -38.084 2.151 6.022 -36.709 -2.180 0.598954 0.575637 0.593528 0.614800 0.498329 0.599722
3 16 6.022 -34.778 -1.472 6.022 -36.709 -2.180 2.870 -34.367 -1.521 0.729800 0.223276 0.729505 0.268166 0.661515 0.215141
3 16 6.022 -36.709 -2.180 2.870 -36.541 -2.212 2.870 -34.367 -1.521 0.729505 0.268166 0.662130 0.263339 0.661515 0.215141
3 16 -2.779 -30.314 -0.957 -1.991 -30.414 -0.119 -2.779 -32.107 -1.081 0.867416 0.415110 0.891715 0.416366 0.868324 0.454561
3 16 -1.991 -30.414 -0.119 -1.991 -32.267 -0.265 -2.779 -32.107 -1.081 0.891715 0.416366 0.892891 0.455327 0.868324 0.454561
3 16 -2.779 -32.107 -1.081 -6.022 -32.674 -1.141 -2.779 -30.314 -0.957 0.618511 0.164567 0.549847 0.177186 0.617969 0.126241
3 16 -6.022 -32.674 -1.141 -6.022 -30.988 -0.958 -2.779 -30.314 -0.957 0.549847 0.177186 0.548944 0.140833 0.617969 0.126241
3 16 -1.993 -35.751 1.826 -1.103 -35.999 2.632 -1.989 -33.239 2.391 0.910396 0.237683 0.888399 0.237705 0.910200 0.181364
3 16 -1.103 -35.999 2.632 -1.112 -33.371 3.224 -1.989 -33.239 2.391 0.888399 0.237705 0.888720 0.180276 0.910200 0.181364
3 16 -6.022 -33.883 3.216 -6.022 -32.674 -1.141 -6.022 -36.306 2.633 0.616755 0.516431 0.712029 0.504786 0.621160 0.569604
3 16 -6.022 -32.674 -1.141 -6.022 -34.796 -1.471 -6.022 -36.306 2.633 0.712029 0.504786 0.712909 0.550723 0.621160 0.569604
3 16 1.980 -33.226 2.368 1.068 -33.367 3.222 1.981 -35.722 1.749 0.850944 0.181129 0.872781 0.179921 0.850213 0.237360
3 16 1.068 -33.367 3.222 1.064 -35.996 2.630 1.981 -35.722 1.749 0.872781 0.179921 0.873098 0.237434 0.850213 0.237360
3 16 2.870 -36.029 2.631 1.981 -35.722 1.749 2.870 -38.023 2.144 0.825101 0.535366 0.846800 0.535429 0.822486 0.577853
3 16 1.981 -35.722 1.749 1.980 -37.558 1.321 2.870 -38.023 2.144 0.846800 0.535429 0.846809 0.577449 0.822486 0.577853
3 16 1.060 -34.367 -1.519 1.984 -34.653 -0.788 1.077 -36.541 -2.211 0.986380 0.246523 0.961562 0.241843 0.990137 0.197803
3 16 1.984 -34.653 -0.788 1.983 -36.600 -1.305 1.077 -36.541 -2.211 0.961562 0.241843 0.964913 0.198589 0.990137 0.197803
3 16 1.077 -36.541 -2.211 1.057 -37.896 -2.169 -1.121 -36.542 -2.212 0.810714 0.262934 0.810010 0.291679 0.764320 0.262995
3 16 1.057 -37.896 -2.169 -1.108 -37.898 -2.171 -1.121 -36.542 -2.212 0.810010 0.291679 0.764974 0.291694 0.764320 0.262995
3 16 -1.100 -34.367 -1.524 -1.121 -36.542 -2.212 -1.991 -34.634 -0.836 0.772065 0.522466 0.778462 0.570398 0.748505 0.527625
3 16 -1.121 -36.542 -2.212 -1.996 -36.602 -1.312 -1.991 -34.634 -0.836 0.778462 0.570398 0.753198 0.570999 0.748505 0.527625
3 16 2.870 -34.367 -1.521 2.870 -36.541 -2.212 1.984 -34.653 -0.788 0.811857 0.522036 0.815269 0.569943 0.788124 0.525901
3 16 2.870 -36.541 -2.212 1.983 -36.600 -1.305 1.984 -34.653 -0.788 0.815269 0.569943 0.790556 0.570132 0.788124 0.525901
3 16 -2.779 -36.029 2.634 -2.779 -38.023 2.144 -1.993 -35.751 1.826 0.951307 0.478120 0.954319 0.520137 0.930095 0.477476
3 16 -2.779 -38.023 2.144 -1.996 -37.589 1.382 -1.993 -35.751 1.826 0.954319 0.520137 0.930381 0.519566 0.930095 0.477476
3 16 -2.779 -36.029 2.634 -6.022 -36.306 2.633 -2.779 -38.023 2.144 0.368160 0.257593 0.437207 0.265645 0.367128 0.300524
3 16 -6.022 -36.306 2.633 -6.022 -38.084 2.151 -2.779 -38.023 2.144 0.437207 0.265645 0.434567 0.305691 0.367128 0.300524
3 16 -6.022 -36.306 2.633 -6.022 -34.796 -1.471 -6.022 -38.084 2.151 0.621160 0.569604 0.712909 0.550723 0.626616 0.608545
3 16 -6.022 -34.796 -1.471 -6.022 -36.716 -2.179 -6.022 -38.084 2.151 0.712909 0.550723 0.721782 0.593642 0.626616 0.608545
3 16 -6.022 -32.674 -1.141 -2.779 -32.107 -1.081 -6.022 -34.796 -1.471 0.549847 0.177186 0.618511 0.164567 0.549290 0.222677
3 16 -2.779 -32.107 -1.081 -2.779 -34.366 -1.530 -6.022 -34.796 -1.471 0.618511 0.164567 0.618552 0.214008 0.549290 0.222677
3 16 1.981 -35.722 1.749 1.064 -35.996 2.630 1.980 -37.558 1.321 0.850213 0.237360 0.873098 0.237434 0.849177 0.279703
3 16 1.064 -35.996 2.630 1.057 -38.000 2.145 1.980 -37.558 1.321 0.873098 0.237434 0.874646 0.280003 0.849177 0.279703
3 16 2.870 -38.023 2.144 2.870 -39.092 1.371 6.022 -38.084 2.151 0.518690 0.301098 0.519878 0.327536 0.452963 0.306181
3 16 2.870 -39.092 1.371 6.022 -39.086 1.371 6.022 -38.084 2.151 0.519878 0.327536 0.456254 0.333001 0.452963 0.306181
3 16 6.022 -38.084 2.151 6.022 -39.086 1.371 6.022 -36.709 -2.180 0.593528 0.614800 0.579320 0.637372 0.498329 0.599722
3 16 6.022 -39.086 1.371 6.022 -37.938 -2.145 6.022 -36.709 -2.180 0.579320 0.637372 0.502979 0.625659 0.498329 0.599722
3 16 6.022 -36.709 -2.180 6.022 -37.938 -2.145 2.870 -36.541 -2.212 0.729505 0.268166 0.728665 0.295596 0.662130 0.263339
3 16 6.022 -37.938 -2.145 2.870 -37.897 -2.170 2.870 -36.541 -2.212 0.728665 0.295596 0.661832 0.291438 0.662130 0.263339
3 16 -2.779 -32.107 -1.081 -1.991 -32.267 -0.265 -2.779 -34.366 -1.530 0.868324 0.454561 0.892891 0.455327 0.867892 0.504443
3 16 -1.991 -32.267 -0.265 -1.991 -34.634 -0.836 -2.779 -34.366 -1.530 0.892891 0.455327 0.890550 0.507300 0.867892 0.504443
3 16 1.077 -36.541 -2.211 1.983 -36.600 -1.305 1.057 -37.896 -2.169 0.990137 0.197803 0.964913 0.198589 0.987197 0.170269
3 16 1.983 -36.600 -1.305 1.983 -37.580 -1.308 1.057 -37.896 -2.169 0.964913 0.198589 0.963223 0.177140 0.987197 0.170269
3 16 -1.108 -37.898 -2.171 -1.994 -37.607 -1.366 -1.121 -36.542 -2.212 0.777101 0.598084 0.753665 0.593094 0.778462 0.570398
3 16 -1.994 -37.607 -1.366 -1.996 -36.602 -1.312 -1.121 -36.542 -2.212 0.753665 0.593094 0.753198 0.570999 0.778462 0.570398
3 16 -1.108 -38.002 2.144 -1.103 -35.999 2.632 -1.996 -37.589 1.382 0.886276 0.280192 0.888399 0.237705 0.910926 0.280052
3 16 -1.103 -35.999 2.632 -1.993 -35.751 1.826 -1.996 -37.589 1.382 0.888399 0.237705 0.910396 0.237683 0.910926 0.280052
3 16 -6.022 -34.796 -1.471 -2.779 -34.366 -1.530 -6.022 -36.716 -2.179 0.549290 0.222677 0.618552 0.214008 0.549754 0.267351
3 16 -2.779 -34.366 -1.530 -2.779 -36.545 -2.215 -6.022 -36.716 -2.179 0.618552 0.214008 0.618792 0.262277 0.549754 0.267351
3 16 1.980 -37.558 1.321 1.982 -38.283 0.779 2.870 -38.023 2.144 0.846809 0.577449 0.848582 0.597801 0.822486 0.577853
3 16 1.982 -38.283 0.779 2.870 -39.092 1.371 2.870 -38.023 2.144 0.848582 0.597801 0.824020 0.603994 0.822486 0.577853
3 16 1.057 -37.896 -2.169 1.983 -37.580 -1.308 1.057 -39.060 -1.369 0.987197 0.170269 0.963223 0.177140 0.974755 0.144762
3 16 1.983 -37.580 -1.308 1.982 -38.288 -0.803 1.057 -39.060 -1.369 0.963223 0.177140 0.954399 0.160438 0.974755 0.144762
3 16 1.057 -37.896 -2.169 1.057 -39.060 -1.369 -1.108 -37.898 -2.171 0.810010 0.291679 0.809560 0.320800 0.764974 0.291694
3 16 1.057 -39.060 -1.369 -1.108 -39.062 -1.370 -1.108 -37.898 -2.171 0.809560 0.320800 0.765361 0.320562 0.764974 0.291694
3 16 2.870 -36.541 -2.212 2.870 -37.897 -2.170 1.983 -36.600 -1.305 0.815269 0.569943 0.815873 0.594774 0.790556 0.570132
3 16 2.870 -37.897 -2.170 1.983 -37.580 -1.308 1.983 -36.600 -1.305 0.815873 0.594774 0.790585 0.593631 0.790556 0.570132
3 16 -1.996 -37.589 1.382 -2.779 -38.023 2.144 -1.994 -38.273 0.811 0.930381 0.519566 0.954319 0.520137 0.928149 0.539455
3 16 -2.779 -38.023 2.144 -2.779 -39.095 1.371 -1.994 -38.273 0.811 0.954319 0.520137 0.952582 0.545057 0.928149 0.539455
3 16 -6.022 -38.084 2.151 -6.022 -39.086 1.371 -2.779 -38.023 2.144 0.434567 0.305691 0.431288 0.332491 0.367128 0.300524
3 16 -6.022 -39.086 1.371 -2.779 -39.095 1.371 -2.779 -38.023 2.144 0.431288 0.332491 0.366066 0.326790 0.367128 0.300524
3 16 -6.022 -38.084 2.151 -6.022 -36.716 -2.179 -6.022 -39.086 1.371 0.626616 0.608545 0.721782 0.593642 0.640818 0.631123
3 16 -6.022 -36.716 -2.179 -6.022 -37.938 -2.145 -6.022 -39.086 1.371 0.721782 0.593642 0.717146 0.619426 0.640818 0.631123
3 16 1.980 -37.558 1.321 1.057 -38.000 2.145 1.982 -38.283 0.779 0.849177 0.279703 0.874646 0.280003 0.847294 0.300270
3 16 1.057 -38.000 2.145 1.057 -39.092 1.371 1.982 -38.283 0.779 0.874646 0.280003 0.872630 0.305208 0.847294 0.300270
3 16 6.022 -39.086 1.371 2.870 -39.092 1.371 6.022 -39.446 0.015 0.456254 0.333001 0.519878 0.327536 0.457422 0.362855
3 16 2.870 -39.092 1.371 2.870 -39.475 0.009 6.022 -39.446 0.015 0.519878 0.327536 0.524718 0.355585 0.457422 0.362855
3 16 2.870 -37.897 -2.170 6.022 -37.938 -2.145 2.870 -39.062 -1.370 0.661832 0.291438 0.728665 0.295596 0.660409 0.320043
3 16 6.022 -37.938 -2.145 6.022 -39.030 -1.342 2.870 -39.062 -1.370 0.728665 0.295596 0.726314 0.325398 0.660409 0.320043
3 16 -2.779 -34.366 -1.530 -1.991 -34.634 -0.836 -2.779 -36.545 -2.215 0.867892 0.504443 0.890550 0.507300 0.863928 0.552145
3 16 -1.991 -34.634 -0.836 -1.996 -36.602 -1.312 -2.779 -36.545 -2.215 0.890550 0.507300 0.888802 0.551743 0.863928 0.552145
3 16 1.057 -39.060 -1.369 1.057 -39.473 0.009 -1.108 -39.062 -1.370 0.809560 0.320800 0.809823 0.350192 0.765361 0.320562
3 16 1.057 -39.473 0.009 -1.108 -39.475 0.009 -1.108 -39.062 -1.370 0.809823 0.350192 0.764514 0.349809 0.765361 0.320562
3 16 -1.108 -37.898 -2.171 -1.108 -39.062 -1.370 -1.994 -37.607 -1.366 0.777101 0.598084 0.766278 0.624306 0.753665 0.593094
3 16 -1.108 -39.062 -1.370 -1.994 -38.282 -0.829 -1.994 -37.607 -1.366 0.766278 0.624306 0.745523 0.609832 0.753665 0.593094
3 16 -1.994 -38.273 0.811 -1.108 -39.093 1.371 -1.996 -37.589 1.382 0.913049 0.300319 0.887844 0.306436 0.910926 0.280052
3 16 -1.108 -39.093 1.371 -1.108 -38.002 2.144 -1.996 -37.589 1.382 0.887844 0.306436 0.886276 0.280192 0.910926 0.280052
3 16 -6.022 -36.716 -2.179 -2.779 -36.545 -2.215 -6.022 -37.938 -2.145 0.549754 0.267351 0.618792 0.262277 0.550703 0.294632
3 16 -2.779 -36.545 -2.215 -2.779 -37.901 -2.174 -6.022 -37.938 -2.145 0.618792 0.262277 0.619142 0.290282 0.550703 0.294632
3 16 2.870 -39.092 1.371 1.982 -38.283 0.779 2.870 -39.475 0.009 0.824020 0.603994 0.848582 0.597801 0.833488 0.628719
3 16 1.982 -38.283 0.779 1.982 -38.611 -0.010 2.870 -39.475 0.009 0.848582 0.597801 0.853238 0.614968 0.833488 0.628719
3 16 1.057 -39.060 -1.369 1.982 -38.288 -0.803 1.057 -39.473 0.009 0.974755 0.144762 0.954399 0.160438 0.953677 0.124975
3 16 1.982 -38.288 -0.803 1.982 -38.611 -0.010 1.057 -39.473 0.009 0.954399 0.160438 0.941539 0.147747 0.953677 0.124975
3 16 1.983 -37.580 -1.308 2.870 -37.897 -2.170 1.982 -38.288 -0.803 0.790585 0.593631 0.815873 0.594774 0.789251 0.614458
3 16 2.870 -37.897 -2.170 2.870 -39.062 -1.370 1.982 -38.288 -0.803 0.815873 0.594774 0.812488 0.619375 0.789251 0.614458
3 16 -1.112 -33.371 3.224 -1.103 -35.999 2.632 1.068 -33.367 3.222 0.057613 0.661347 0.057287 0.719074 0.011284 0.661244
3 16 -1.103 -35.999 2.632 1.064 -35.996 2.630 1.068 -33.367 3.222 0.057287 0.719074 0.011280 0.718981 0.011284 0.661244
3 16 -1.125 -31.886 3.370 -1.112 -33.371 3.224 1.083 -31.885 3.370 0.057854 0.629370 0.057613 0.661347 0.011063 0.629323
3 16 -1.112 -33.371 3.224 1.068 -33.367 3.222 1.083 -31.885 3.370 0.057613 0.661347 0.011284 0.661244 0.011063 0.629323
3 16 -2.779 -39.095 1.371 -2.779 -39.479 0.008 -1.994 -38.273 0.811 0.952582 0.545057 0.941970 0.571205 0.928149 0.539455
3 16 -2.779 -39.479 0.008 -1.994 -38.623 -0.005 -1.994 -38.273 0.811 0.941970 0.571205 0.923108 0.556925 0.928149 0.539455
3 16 -6.022 -39.086 1.371 -6.022 -39.446 0.015 -2.779 -39.095 1.371 0.431288 0.332491 0.430126 0.362347 0.366066 0.326790
3 16 -6.022 -39.446 0.015 -2.779 -39.479 0.008 -2.779 -39.095 1.371 0.430126 0.362347 0.361247 0.354369 0.366066 0.326790
3 16 -6.022 -39.446 0.015 -6.022 -39.086 1.371 -6.022 -39.030 -1.342 0.666626 0.644375 0.640818 0.631123 0.696453 0.639800
3 16 -6.022 -39.086 1.371 -6.022 -37.938 -2.145 -6.022 -39.030 -1.342 0.640818 0.631123 0.717146 0.619426 0.696453 0.639800
3 16 1.057 -39.092 1.371 1.057 -39.473 0.009 1.982 -38.283 0.779 0.872630 0.305208 0.864269 0.331584 0.847294 0.300270
3 16 1.057 -39.473 0.009 1.982 -38.611 -0.010 1.982 -38.283 0.779 0.864269 0.331584 0.842749 0.317578 0.847294 0.300270
3 16 2.870 -39.475 0.009 2.870 -39.062 -1.370 6.022 -39.446 0.015 0.656741 0.349217 0.660409 0.320043 0.723531 0.355503
3 16 2.870 -39.062 -1.370 6.022 -39.030 -1.342 6.022 -39.446 0.015 0.660409 0.320043 0.726314 0.325398 0.723531 0.355503
3 16 6.022 -39.446 0.015 6.022 -39.030 -1.342 6.022 -39.086 1.371 0.553508 0.650619 0.523676 0.646035 0.579320 0.637372
3 16 6.022 -39.030 -1.342 6.022 -37.938 -2.145 6.022 -39.086 1.371 0.523676 0.646035 0.502979 0.625659 0.579320 0.637372
3 16 -2.779 -36.545 -2.215 -1.996 -36.602 -1.312 -2.779 -37.901 -2.174 0.863928 0.552145 0.888802 0.551743 0.863284 0.576972
3 16 -1.996 -36.602 -1.312 -1.994 -37.607 -1.366 -2.779 -37.901 -2.174 0.888802 0.551743 0.888115 0.575782 0.863284 0.576972
3 16 -1.108 -39.062 -1.370 -1.108 -39.475 0.009 -1.994 -38.282 -0.829 0.766278 0.624306 0.746706 0.645326 0.745523 0.609832
3 16 -1.108 -39.475 0.009 -1.994 -38.623 -0.005 -1.994 -38.282 -0.829 0.746706 0.645326 0.733044 0.623982 0.745523 0.609832
3 16 -1.994 -37.607 -1.366 -1.994 -38.282 -0.829 -2.779 -37.901 -2.174 0.888115 0.575782 0.889813 0.596313 0.863284 0.576972
3 16 -1.994 -38.282 -0.829 -2.779 -39.067 -1.374 -2.779 -37.901 -2.174 0.889813 0.596313 0.866392 0.601495 0.863284 0.576972
3 16 -1.108 -39.093 1.371 -1.994 -38.273 0.811 -1.108 -39.475 0.009 0.887844 0.306436 0.913049 0.300319 0.895900 0.331769
3 16 -1.994 -38.273 0.811 -1.994 -38.623 -0.005 -1.108 -39.475 0.009 0.913049 0.300319 0.917303 0.318485 0.895900 0.331769
3 16 -1.103 -35.999 2.632 -1.108 -38.002 2.144 1.064 -35.996 2.630 0.057287 0.719074 0.056890 0.763082 0.011280 0.718981
3 16 -1.108 -38.002 2.144 1.057 -38.000 2.145 1.064 -35.996 2.630 0.056890 0.763082 0.012023 0.763026 0.011280 0.718981
3 16 -2.779 -37.901 -2.174 -2.779 -39.067 -1.374 -6.022 -37.938 -2.145 0.619142 0.290282 0.620677 0.318623 0.550703 0.294632
3 16 -2.779 -39.067 -1.374 -6.022 -39.030 -1.342 -6.022 -37.938 -2.145 0.620677 0.318623 0.553154 0.324419 0.550703 0.294632
3 16 2.870 -39.475 0.009 1.982 -38.611 -0.010 2.870 -39.062 -1.370 0.804585 0.645910 0.785167 0.632880 0.812488 0.619375
3 16 1.982 -38.611 -0.010 1.982 -38.288 -0.803 2.870 -39.062 -1.370 0.785167 0.632880 0.789251 0.614458 0.812488 0.619375
3 16 -1.108 -39.093 1.371 1.057 -39.092 1.371 -1.108 -38.002 2.144 0.056111 0.790343 0.012790 0.790379 0.056890 0.763082
3 16 1.057 -39.092 1.371 1.057 -38.000 2.145 -1.108 -38.002 2.144 0.012790 0.790379 0.012023 0.763026 0.056890 0.763082
3 16 -1.994 -38.623 -0.005 -2.779 -39.479 0.008 -1.994 -38.282 -0.829 0.893978 0.615432 0.874449 0.628138 0.889813 0.596313
3 16 -2.779 -39.479 0.008 -2.779 -39.067 -1.374 -1.994 -38.282 -0.829 0.874449 0.628138 0.866392 0.601495 0.889813 0.596313
3 16 -6.022 -39.446 0.015 -6.022 -39.030 -1.342 -2.779 -39.479 0.008 0.556015 0.354561 0.553154 0.324419 0.624467 0.347389
3 16 -6.022 -39.030 -1.342 -2.779 -39.067 -1.374 -2.779 -39.479 0.008 0.553154 0.324419 0.620677 0.318623 0.624467 0.347389
3 16 1.057 -39.473 0.009 1.057 -39.092 1.371 -1.108 -39.475 0.009 0.011566 0.818894 0.012790 0.790379 0.057433 0.818684
3 16 1.057 -39.092 1.371 -1.108 -39.093 1.371 -1.108 -39.475 0.009 0.012790 0.790379 0.056111 0.790343 0.057433 0.818684
3 16 0.000 -30.449 3.635 -0.005 -30.450 3.508 0.738 -30.257 3.641 0.911258 0.351290 0.912352 0.351844 0.907350 0.368023
3 16 -0.005 -30.450 3.508 0.734 -30.277 3.455 0.738 -30.257 3.641 0.912352 0.351844 0.909447 0.368260 0.907350 0.368023
3 16 1.150 -29.860 3.415 1.970 -29.012 2.820 1.455 -29.015 3.134 0.868844 0.101529 0.853045 0.089161 0.864149 0.088634
3 16 0.738 -30.257 3.641 -0.005 -29.042 3.664 0.000 -30.449 3.635 0.434368 0.445919 0.459955 0.461534 0.430119 0.461474
3 16 -1.160 -29.860 3.414 -0.743 -30.277 3.455 -1.282 -29.747 3.648 0.910903 0.521332 0.909581 0.534592 0.907247 0.517822
3 16 -0.743 -30.277 3.455 -0.739 -30.262 3.639 -1.282 -29.747 3.648 0.909581 0.534592 0.907378 0.535114 0.907247 0.517822
3 16 1.277 -29.739 3.651 1.473 -29.013 3.667 -0.005 -29.042 3.664 0.445371 0.434819 0.460603 0.431040 0.459955 0.461534
3 16 -1.282 -29.747 3.648 -0.739 -30.262 3.639 -0.005 -29.042 3.664 0.445221 0.488264 0.434266 0.477070 0.459955 0.461534
3 16 -1.482 -29.024 3.664 -1.464 -29.016 3.135 -1.282 -29.747 3.648 0.907425 0.500813 0.915540 0.501340 0.907247 0.517822
3 16 -1.464 -29.016 3.135 -1.160 -29.860 3.414 -1.282 -29.747 3.648 0.915540 0.501340 0.910903 0.521332 0.907247 0.517822
3 16 1.272 -28.307 3.685 1.042 -28.011 3.552 0.730 -27.798 3.719 0.905779 0.422402 0.911278 0.425821 0.908332 0.436978
3 16 1.042 -28.011 3.552 0.703 -27.797 3.550 0.730 -27.798 3.719 0.911278 0.425821 0.910735 0.436006 0.908332 0.436978
3 16 1.473 -29.013 3.667 1.272 -28.307 3.685 -0.005 -29.042 3.664 0.460603 0.431040 0.474895 0.435567 0.459955 0.461534
3 16 -1.482 -29.024 3.664 -1.282 -29.747 3.648 -0.005 -29.042 3.664 0.460452 0.492121 0.445221 0.488264 0.459955 0.461534
3 16 -1.286 -28.316 3.682 -1.353 -28.342 3.448 -1.482 -29.024 3.664 0.905768 0.481284 0.912459 0.485637 0.907425 0.500813
3 16 -1.353 -28.342 3.448 -1.464 -29.016 3.135 -1.482 -29.024 3.664 0.912459 0.485637 0.915540 0.501340 0.907425 0.500813
3 16 1.272 -28.307 3.685 0.730 -27.798 3.719 -0.005 -29.042 3.664 0.474895 0.435567 0.484971 0.446702 0.459955 0.461534
3 16 -1.286 -28.316 3.682 -1.482 -29.024 3.664 -0.005 -29.042 3.664 0.474826 0.487619 0.460452 0.492121 0.459955 0.461534
3 16 -0.009 -27.612 3.746 -0.747 -27.803 3.717 -0.005 -29.042 3.664 0.488301 0.461582 0.484955 0.476481 0.459955 0.461534
3 16 0.730 -27.798 3.719 -0.009 -27.612 3.746 -0.005 -29.042 3.664 0.484971 0.446702 0.488301 0.461582 0.459955 0.461534
3 16 -0.747 -27.803 3.717 -0.715 -27.797 3.551 -1.286 -28.316 3.682 0.907110 0.466757 0.909569 0.467551 0.905768 0.481284
3 16 -0.715 -27.797 3.551 -1.051 -28.011 3.552 -1.286 -28.316 3.682 0.909569 0.467551 0.911318 0.478900 0.905768 0.481284
3 16 -0.747 -27.803 3.717 -1.286 -28.316 3.682 -0.005 -29.042 3.664 0.484955 0.476481 0.474826 0.487619 0.459955 0.461534
3 16 2.870 -30.697 3.524 2.870 -29.071 3.593 1.994 -30.595 2.611 0.828339 0.421787 0.828456 0.387057 0.850141 0.421587
3 16 2.870 -29.071 3.593 1.970 -29.012 2.820 1.994 -30.595 2.611 0.828456 0.387057 0.851253 0.386337 0.850141 0.421587
3 16 6.022 -31.346 3.531 6.022 -29.721 3.591 2.870 -30.697 3.524 0.448923 0.157210 0.448680 0.122264 0.516170 0.142989
3 16 6.022 -29.721 3.591 2.870 -29.071 3.593 2.870 -30.697 3.524 0.448680 0.122264 0.516064 0.108186 0.516170 0.142989
3 16 6.022 -30.957 -0.954 6.022 -29.540 -0.889 6.022 -31.346 3.531 0.505967 0.473999 0.502839 0.443771 0.602012 0.467981
3 16 6.022 -29.540 -0.889 6.022 -29.721 3.591 6.022 -31.346 3.531 0.502839 0.443771 0.598245 0.433344 0.602012 0.467981
3 16 2.870 -30.313 -0.953 2.870 -28.891 -0.891 6.022 -30.957 -0.954 0.661832 0.126942 0.662201 0.096463 0.729970 0.141210
3 16 2.870 -28.891 -0.891 6.022 -29.540 -0.889 6.022 -30.957 -0.954 0.662201 0.096463 0.730304 0.110943 0.729970 0.141210
3 16 1.983 -30.416 -0.104 1.982 -28.960 -0.139 2.870 -30.313 -0.953 0.787252 0.434747 0.789331 0.403791 0.812531 0.433348
3 16 1.982 -28.960 -0.139 2.870 -28.891 -0.891 2.870 -30.313 -0.953 0.789331 0.403791 0.812248 0.402446 0.812531 0.433348
3 16 1.983 -30.416 -0.104 1.060 -30.313 -0.966 1.982 -28.960 -0.139 0.958659 0.333372 0.985162 0.333862 0.962368 0.364399
3 16 1.060 -30.313 -0.966 1.060 -28.892 -0.898 1.982 -28.960 -0.139 0.985162 0.333862 0.985857 0.364273 0.962368 0.364399
3 16 1.060 -30.313 -0.966 -1.100 -30.313 -0.966 1.060 -28.892 -0.898 0.811184 0.126320 0.763908 0.126354 0.811203 0.095886
3 16 -1.100 -30.313 -0.966 -1.100 -28.892 -0.898 1.060 -28.892 -0.898 0.763908 0.126354 0.763839 0.095904 0.811203 0.095886
3 16 -1.100 -30.313 -0.966 -1.991 -30.414 -0.119 -1.100 -28.892 -0.898 0.766049 0.434800 0.740003 0.436724 0.765103 0.404362
3 16 -1.991 -30.414 -0.119 -1.992 -28.958 -0.149 -1.100 -28.892 -0.898 0.740003 0.436724 0.741797 0.405584 0.765103 0.404362
3 16 -2.779 -30.314 -0.957 -2.779 -28.892 -0.898 -1.991 -30.414 -0.119 0.867416 0.415110 0.867607 0.384231 0.891715 0.416366
3 16 -2.779 -28.892 -0.898 -1.992 -28.958 -0.149 -1.991 -30.414 -0.119 0.867607 0.384231 0.889696 0.385438 0.891715 0.416366
3 16 -6.022 -30.988 -0.958 -6.022 -29.571 -0.895 -2.779 -30.314 -0.957 0.548944 0.140833 0.548598 0.110545 0.617969 0.126241
3 16 -6.022 -29.571 -0.895 -2.779 -28.892 -0.898 -2.779 -30.314 -0.957 0.548598 0.110545 0.617837 0.095527 0.617969 0.126241
3 16 -6.022 -30.988 -0.958 -6.022 -31.377 3.522 -6.022 -29.571 -0.895 0.714197 0.468418 0.618350 0.462414 0.717375 0.438205
3 16 -6.022 -31.377 3.522 -6.022 -29.752 3.602 -6.022 -29.571 -0.895 0.618350 0.462414 0.621639 0.427704 0.717375 0.438205
3 16 -2.779 -30.697 3.516 -2.779 -29.070 3.604 -6.022 -31.377 3.522 0.370122 0.142437 0.370310 0.107649 0.438945 0.157493
3 16 -2.779 -29.070 3.604 -6.022 -29.752 3.602 -6.022 -31.377 3.522 0.370310 0.107649 0.439331 0.122520 0.438945 0.157493
3 16 -2.779 -30.697 3.516 -2.000 -30.594 2.633 -2.779 -29.070 3.604 0.948781 0.363821 0.927184 0.363427 0.948711 0.329718
3 16 -2.000 -30.594 2.633 -1.980 -29.013 2.821 -2.779 -29.070 3.604 0.927184 0.363427 0.925957 0.328384 0.948711 0.329718
3 16 0.738 -30.257 3.641 0.734 -30.277 3.455 1.277 -29.739 3.651 0.907350 0.368023 0.909447 0.368260 0.907135 0.385278
3 16 0.734 -30.277 3.455 1.150 -29.860 3.415 1.277 -29.739 3.651 0.909447 0.368260 0.910783 0.381479 0.907135 0.385278
3 16 0.738 -30.257 3.641 1.277 -29.739 3.651 -0.005 -29.042 3.664 0.434368 0.445919 0.445371 0.434819 0.459955 0.461534
3 16 0.000 -30.449 3.635 -0.739 -30.262 3.639 -0.005 -30.450 3.508 0.910887 0.551620 0.907378 0.535114 0.912018 0.551138
3 16 -0.739 -30.262 3.639 -0.743 -30.277 3.455 -0.005 -30.450 3.508 0.907378 0.535114 0.909581 0.534592 0.912018 0.551138
3 16 -0.739 -30.262 3.639 0.000 -30.449 3.635 -0.005 -29.042 3.664 0.434266 0.477070 0.430119 0.461474 0.459955 0.461534
3 16 1.083 -31.885 3.370 0.734 -30.277 3.455 -0.005 -30.450 3.508 0.011063 0.629323 0.018045 0.595902 0.033745 0.599458
3 16 -1.125 -31.886 3.370 1.083 -31.885 3.370 -0.743 -30.277 3.455 0.057854 0.629370 0.011063 0.629323 0.050113 0.595956
3 16 1.083 -31.885 3.370 -0.005 -30.450 3.508 -0.743 -30.277 3.455 0.011063 0.629323 0.033745 0.599458 0.050113 0.595956
3 16 -1.125 -31.886 3.370 -0.743 -30.277 3.455 -1.160 -29.860 3.414 0.057854 0.629370 0.050113 0.595956 0.057162 0.589552
3 16 -1.980 -29.013 2.821 -2.000 -30.594 2.633 -1.160 -29.860 3.414 0.909011 0.088944 0.909551 0.122743 0.893105 0.101386
3 16 1.994 -30.595 2.611 1.970 -29.012 2.820 1.150 -29.860 3.415 0.851814 0.122871 0.853045 0.089161 0.868844 0.101529
3 16 -1.994 -27.422 2.940 -1.980 -29.013 2.821 -1.353 -28.342 3.448 0.914308 0.055140 0.909011 0.088944 0.892466 0.071777
3 16 2.899 -15.501 2.907 3.788 -15.501 1.575 2.899 -0.002 2.907 0.007848 0.512870 0.007862 0.478565 0.339926 0.512813
3 16 3.788 -15.501 1.575 3.788 -0.002 1.575 2.899 -0.002 2.907 0.007862 0.478565 0.339864 0.478532 0.339926 0.512813
3 16 2.624 -16.935 -2.244 2.624 -19.235 -2.266 0.002 -16.934 -2.289 0.145834 0.793029 0.145461 0.743490 0.202102 0.791751
3 16 2.624 -19.235 -2.266 -2.638 -19.235 -2.267 0.002 -16.934 -2.289 0.145461 0.743490 0.258447 0.742726 0.202102 0.791751
3 16 5.890 -25.220 -1.028 6.022 -26.356 -0.849 2.032 -26.403 -0.875 0.074456 0.612997 0.071475 0.589116 0.163416 0.593986
3 16 -1.580 -13.674 -3.795 -2.914 -15.501 -2.901 -1.580 -0.002 -3.795 0.047030 0.272486 0.007891 0.238110 0.339811 0.272495
3 16 -2.914 -15.501 -2.901 -2.914 -0.002 -2.901 -1.580 -0.002 -3.795 0.007891 0.238110 0.339815 0.238122 0.339811 0.272495
3 16 2.624 -16.935 -0.019 2.624 -16.934 2.260 2.624 -19.235 -2.266 0.823267 0.675235 0.871890 0.682934 0.768585 0.717299
3 16 2.624 -16.934 2.260 2.624 -19.238 2.246 2.624 -19.235 -2.266 0.871890 0.682934 0.863843 0.731200 0.768585 0.717299
3 16 -2.638 -16.935 2.260 -2.638 -16.935 -0.018 -2.638 -19.239 2.244 0.639782 0.677054 0.688336 0.669509 0.647819 0.725233
3 16 1.344 -28.342 3.448 1.042 -28.011 3.552 1.272 -28.307 3.685 0.912401 0.417190 0.911278 0.425821 0.905779 0.422402
3 16 1.277 -29.739 3.651 1.150 -29.860 3.415 1.473 -29.013 3.667 0.907135 0.385278 0.910783 0.381479 0.907355 0.402271
3 16 1.150 -29.860 3.415 1.455 -29.015 3.134 1.473 -29.013 3.667 0.910783 0.381479 0.915458 0.401483 0.907355 0.402271
3 16 -1.353 -28.342 3.448 -1.980 -29.013 2.821 -1.464 -29.016 3.135 0.892466 0.071777 0.909011 0.088944 0.897875 0.088497
3 16 -1.464 -29.016 3.135 -1.980 -29.013 2.821 -1.160 -29.860 3.414 0.897875 0.088497 0.909011 0.088944 0.893105 0.101386
3 16 -0.005 -0.002 4.109 -0.005 -2.035 4.004 1.567 -0.002 3.797 0.340065 0.581433 0.296355 0.581033 0.340032 0.547112
3 16 -0.005 -2.035 4.004 1.231 -2.473 3.809 1.567 -0.002 3.797 0.296355 0.581033 0.287084 0.554168 0.340032 0.547112
3 16 -1.576 -0.002 3.797 -1.250 -2.480 3.806 -0.005 -0.002 4.109 0.340061 0.066704 0.286952 0.059838 0.340101 0.032384
3 16 -1.250 -2.480 3.806 -0.005 -2.035 4.004 -0.005 -0.002 4.109 0.286952 0.059838 0.296391 0.032773 0.340101 0.032384
3 16 -1.873 -3.393 3.541 -1.576 -0.002 3.797 -2.908 -0.002 2.907 0.267292 0.074269 0.340061 0.066704 0.339948 0.101004
3 16 1.864 -3.393 3.541 1.864 -4.607 3.541 2.899 -0.002 2.907 0.267276 0.539525 0.241277 0.539561 0.339926 0.512813
3 16 -1.576 -0.002 3.797 -1.873 -3.393 3.541 -1.250 -2.480 3.806 0.340061 0.066704 0.267292 0.074269 0.286952 0.059838
3 16 1.567 -0.002 3.797 1.231 -2.473 3.809 1.864 -3.393 3.541 0.340032 0.547112 0.287084 0.554168 0.267276 0.539525
3 16 1.567 -15.501 3.797 1.150 -5.589 3.834 -0.005 -15.501 4.109 0.007829 0.547183 0.220136 0.556049 0.007811 0.581496
3 16 1.150 -5.589 3.834 -0.005 -5.965 4.004 -0.005 -15.501 4.109 0.220136 0.556049 0.212188 0.581110 0.007811 0.581496
3 16 -0.005 -15.501 4.109 -0.005 -5.965 4.004 -1.576 -15.501 3.797 0.007830 0.032288 0.212202 0.032684 0.007843 0.066603
3 16 -0.005 -5.965 4.004 -1.160 -5.589 3.834 -1.576 -15.501 3.797 0.212202 0.032684 0.220154 0.057752 0.007843 0.066603
3 16 -1.576 -15.501 3.797 -1.160 -5.589 3.834 -1.873 -4.607 3.541 0.007843 0.066603 0.220154 0.057752 0.241286 0.074238
3 16 1.567 -15.501 3.797 1.864 -4.607 3.541 1.150 -5.589 3.834 0.007829 0.547183 0.241277 0.539561 0.220136 0.556049
3 16 -2.039 -26.672 2.862 -1.994 -27.422 2.940 -1.163 -26.572 3.628 0.914741 0.037868 0.914308 0.055140 0.894644 0.034257
3 16 -1.994 -27.422 2.940 -1.051 -28.011 3.552 -1.163 -26.572 3.628 0.914308 0.055140 0.892235 0.061677 0.894644 0.034257
3 16 1.964 -26.740 2.832 1.120 -26.557 3.623 1.985 -27.420 2.877 0.843747 0.043383 0.862773 0.033169 0.847078 0.056541
3 16 1.120 -26.557 3.623 1.042 -28.011 3.552 1.985 -27.420 2.877 0.862773 0.033169 0.869430 0.061344 0.847078 0.056541
3 16 1.994 -30.595 2.611 1.150 -29.860 3.415 1.083 -31.885 3.370 0.851814 0.122871 0.868844 0.101529 0.873406 0.149479
3 16 -1.125 -31.886 3.370 -1.160 -29.860 3.414 -2.000 -30.594 2.633 0.888296 0.149610 0.893105 0.101386 0.909551 0.122743
3 16 1.473 -29.013 3.667 1.455 -29.015 3.134 1.272 -28.307 3.685 0.907355 0.402271 0.915458 0.401483 0.905779 0.422402
3 16 1.455 -29.015 3.134 1.344 -28.342 3.448 1.272 -28.307 3.685 0.915458 0.401483 0.912401 0.417190 0.905779 0.422402
3 16 1.344 -28.342 3.448 1.455 -29.015 3.134 1.970 -29.012 2.820 0.869656 0.071880 0.864149 0.088634 0.853045 0.089161
3 16 -1.286 -28.316 3.682 -1.051 -28.011 3.552 -1.353 -28.342 3.448 0.905768 0.481284 0.911318 0.478900 0.912459 0.485637
3 16 1.985 -27.420 2.877 1.344 -28.342 3.448 1.970 -29.012 2.820 0.847078 0.056541 0.869656 0.071880 0.853045 0.089161
3 16 -1.353 -28.342 3.448 -1.051 -28.011 3.552 -1.994 -27.422 2.940 0.892466 0.071777 0.892235 0.061677 0.914308 0.055140
3 16 -0.005 -27.599 3.601 -0.009 -27.612 3.746 0.703 -27.797 3.550 0.910778 0.451974 0.907742 0.452009 0.910735 0.436006
3 16 -0.009 -27.612 3.746 0.730 -27.798 3.719 0.703 -27.797 3.550 0.907742 0.452009 0.908332 0.436978 0.910735 0.436006
3 16 -0.715 -27.797 3.551 -0.747 -27.803 3.717 -0.005 -27.599 3.601 0.909569 0.467551 0.907110 0.466757 0.910778 0.451974
3 16 -0.747 -27.803 3.717 -0.009 -27.612 3.746 -0.005 -27.599 3.601 0.907110 0.466757 0.907742 0.452009 0.910778 0.451974
3 16 -2.390 -26.193 3.670 -2.692 -26.511 3.660 -2.039 -26.672 2.862 0.076822 0.761813 0.083195 0.754075 0.091038 0.771634
3 16 -2.039 -26.672 2.862 -1.163 -26.572 3.628 -1.371 -26.169 3.636 0.091038 0.771634 0.082831 0.792377 0.075382 0.786374
3 16 1.881 -26.005 3.608 1.964 -26.740 2.832 2.453 -26.185 3.593 0.112626 0.800112 0.093970 0.798655 0.109365 0.786720
3 16 1.964 -26.740 2.832 1.881 -26.005 3.608 1.420 -26.198 3.654 0.093970 0.798655 0.112626 0.800112 0.110291 0.810980
3 16 2.032 -26.403 -0.875 2.011 -26.866 -0.262 1.473 -26.522 -0.901 0.260859 0.052942 0.247057 0.052817 0.259036 0.040758
3 16 2.641 -26.663 -0.791 2.011 -26.866 -0.262 2.032 -26.403 -0.875 0.256180 0.066719 0.247057 0.052817 0.260859 0.052942
3 16 -1.223 -26.886 -0.792 -2.005 -26.879 -0.289 -1.582 -26.537 -0.769 0.096462 0.760794 0.091618 0.743138 0.102466 0.752012
3 16 -2.389 -26.560 -0.938 -2.005 -26.879 -0.289 -2.726 -26.870 -0.826 0.102854 0.733928 0.091618 0.743138 0.096818 0.725996
2 24 1.864 -3.393 3.541 1.231 -2.473 3.809
2 24 1.150 -2.411 1.754 -0.005 -2.035 1.754
2 24 -0.005 -3.018 1.754 -0.582 -3.205 1.754
2 24 -0.582 -3.205 3.754 -0.939 -3.696 3.754
2 24 -2.908 -0.002 2.907 -3.797 -0.002 1.575
2 24 -2.390 -26.193 3.670 -2.692 -26.511 3.660
2 24 -6.022 -26.393 -0.860 -6.022 -27.281 -0.805
2 24 -2.039 -26.672 2.862 -1.994 -27.422 2.940
2 24 -1.991 -30.414 -0.119 -1.991 -32.267 -0.265
2 24 -2.779 -30.314 -0.957 -2.779 -32.107 -1.081
2 24 -0.005 -2.035 1.754 -1.159 -2.411 1.754
2 24 -1.873 -3.393 1.754 -1.873 -4.607 1.754
2 24 0.930 -4.304 3.754 0.573 -4.795 3.754
2 24 1.567 -0.002 3.797 -0.005 -0.002 4.109
2 24 -3.802 -0.002 -1.566 -4.109 -0.002 0.005
2 24 1.994 -30.595 2.611 1.980 -33.226 2.368
2 24 0.930 -3.696 3.754 0.573 -3.205 3.754
2 24 -0.939 -3.696 3.754 -0.939 -4.304 3.754
2 24 -0.005 -0.002 4.109 -1.576 -0.002 3.797
2 24 -1.576 -0.002 3.797 -2.908 -0.002 2.907
2 24 -5.894 -24.923 3.466 -6.022 -26.287 3.579
2 24 -2.692 -26.511 3.660 -2.779 -27.442 3.641
2 24 2.870 -30.697 3.524 2.870 -33.374 3.224
2 24 1.150 -5.589 3.834 -0.005 -5.965 4.004
2 24 -1.160 -5.589 3.834 -1.873 -4.607 3.541
2 24 -0.005 -4.982 1.754 -0.582 -4.795 1.754
2 24 0.573 -3.205 3.754 -0.005 -3.018 3.754
2 24 0.573 -4.795 3.754 -0.005 -4.982 3.754
2 24 -0.582 -4.795 3.754 -0.939 -4.304 3.754
2 24 -0.005 -13.334 -4.109 -1.580 -13.674 -3.795
2 24 -6.022 -28.177 -0.804 -6.022 -29.571 -0.895
2 24 6.022 -33.858 3.216 6.022 -36.295 2.633
2 24 6.022 -34.778 -1.472 6.022 -36.709 -2.180
2 24 1.231 -2.473 3.809 -0.005 -2.035 4.004
2 24 -0.005 -2.035 4.004 -1.250 -2.480 3.806
2 24 -1.159 -5.589 1.754 -1.873 -4.607 1.754
2 24 -0.005 -3.018 3.754 -0.582 -3.205 3.754
2 24 2.858 -15.979 -2.790 2.617 -16.185 -2.406
2 24 1.984 -32.271 -0.250 1.984 -34.653 -0.788
2 24 -0.747 -27.803 3.717 -1.286 -28.316 3.682
2 24 -6.022 -29.571 -0.895 -6.022 -30.988 -0.958
2 24 1.150 -5.589 1.754 -0.005 -5.965 1.754
2 24 -1.250 -2.480 3.806 -1.873 -3.393 3.541
2 24 -1.873 -3.393 3.541 -1.873 -4.607 3.541
2 24 1.970 -29.012 2.820 1.994 -30.595 2.611
2 24 0.930 -3.696 1.754 0.930 -4.304 1.754
2 24 -2.638 -16.935 -2.244 -2.638 -19.235 -2.267
2 24 -1.992 -27.524 -0.212 -1.992 -28.958 -0.149
2 24 1.983 -30.416 -0.104 1.984 -32.271 -0.250
2 24 -1.286 -28.316 3.682 -1.482 -29.024 3.664
2 24 0.930 -3.696 1.754 0.573 -3.205 1.754
2 24 -0.939 -3.696 1.754 -0.939 -4.304 1.754
2 24 0.930 -3.696 3.754 0.930 -4.304 3.754
2 24 -3.797 -0.002 1.575 -4.109 -0.002 0.005
2 24 5.890 -25.035 3.478 5.492 -24.048 3.288
2 24 1.150 -29.860 3.415 0.734 -30.277 3.455
2 24 -1.996 -36.602 -1.312 -1.994 -37.607 -1.366
2 24 -6.022 -36.716 -2.179 -6.022 -37.938 -2.145
2 24 1.864 -4.607 3.541 1.150 -5.589 3.834
2 24 1.864 -3.393 3.541 1.864 -4.607 3.541
2 24 0.930 -4.304 1.754 0.573 -4.795 1.754
2 24 -0.582 -3.205 1.754 -0.939 -3.696 1.754
2 24 2.899 -0.002 2.907 1.567 -0.002 3.797
2 24 -2.914 -0.002 -2.901 -3.802 -0.002 -1.566
2 24 1.985 -27.420 2.877 1.970 -29.012 2.820
2 24 -6.022 -37.938 -2.145 -6.022 -39.030 -1.342
2 24 -1.992 -28.958 -0.149 -1.991 -30.414 -0.119
2 24 1.864 -4.607 1.754 1.150 -5.589 1.754
2 24 1.864 -3.393 1.754 1.150 -2.411 1.754
2 24 3.788 -0.002 1.575 2.899 -0.002 2.907
2 24 -1.580 -0.002 -3.795 -2.914 -0.002 -2.901
2 24 -5.894 -25.161 -1.025 -6.022 -26.393 -0.860
2 24 6.022 -29.721 3.591 6.022 -31.346 3.531
2 24 1.864 -3.393 1.754 1.864 -4.607 1.754
2 24 -2.431 -16.271 2.236 -2.638 -16.935 2.260
2 24 -2.638 -19.239 2.244 -2.906 -21.198 2.480
2 24 -4.323 -22.863 3.022 -5.397 -23.962 3.276
2 24 1.964 -26.740 2.832 1.985 -27.420 2.877
2 24 2.624 -16.934 2.260 2.624 -19.238 2.246
2 24 -2.005 -26.879 -0.289 -1.992 -27.524 -0.212
2 24 -2.779 -36.545 -2.215 -2.779 -37.901 -2.174
2 24 2.624 -16.934 2.260 2.418 -16.271 2.236
2 24 2.858 -15.979 -2.790 1.379 -14.149 -3.585
2 24 -2.779 -28.892 -0.898 -2.779 -30.314 -0.957
2 24 -1.159 -2.411 1.754 -1.873 -3.393 1.754
2 24 6.022 -31.346 3.531 6.022 -33.858 3.216
2 24 -0.715 -27.797 3.551 -1.286 -28.316 3.682
2 24 2.870 -29.071 3.593 2.870 -30.697 3.524
2 24 -0.582 -4.795 1.754 -0.939 -4.304 1.754
2 24 0.573 -4.795 1.754 -0.005 -4.982 1.754
2 24 0.573 -3.205 1.754 -0.005 -3.018 1.754
2 24 -2.638 -16.935 2.260 -2.638 -19.239 2.244
2 24 -6.022 -27.281 -0.805 -6.022 -28.177 -0.804
2 24 1.277 -29.739 3.651 0.738 -30.257 3.641
2 24 -1.994 -27.422 2.940 -1.980 -29.013 2.821
2 24 -2.000 -30.594 2.633 -1.989 -33.239 2.391
2 24 1.984 -34.653 -0.788 1.983 -36.600 -1.305
2 24 -0.005 -5.965 1.754 -1.159 -5.589 1.754
2 24 -6.022 -27.290 3.584 -6.022 -28.128 3.623
2 24 -1.125 -31.886 3.370 -1.112 -33.371 3.224
2 24 -6.022 -30.988 -0.958 -6.022 -32.674 -1.141
2 24 6.022 -36.295 2.633 6.022 -38.084 2.151
2 24 -2.779 -32.107 -1.081 -2.779 -34.366 -1.530
2 24 -1.160 -29.860 3.414 -1.464 -29.016 3.135
2 24 -1.980 -29.013 2.821 -2.000 -30.594 2.633
2 24 -0.005 -5.965 4.004 -1.160 -5.589 3.834
2 24 2.749 -16.197 -1.295 2.617 -16.185 -2.406
2 24 -0.715 -27.797 3.551 -1.051 -28.011 3.552
2 24 -1.991 -32.267 -0.265 -1.991 -34.634 -0.836
2 24 2.870 -36.029 2.631 2.870 -38.023 2.144
2 24 -6.022 -32.674 -1.141 -6.022 -34.796 -1.471
2 24 -1.991 -34.634 -0.836 -1.996 -36.602 -1.312
2 24 1.473 -29.013 3.667 1.272 -28.307 3.685
2 24 -0.005 -4.982 3.754 -0.582 -4.795 3.754
2 24 1.571 -13.674 -3.795 -0.005 -13.334 -4.109
2 24 4.333 -22.950 -1.675 2.820 -21.198 -2.173
2 24 -6.022 -26.287 3.579 -6.022 -27.290 3.584
2 24 2.870 -33.374 3.224 2.870 -36.029 2.631
2 24 1.981 -35.722 1.749 1.980 -37.558 1.321
2 24 -1.051 -28.011 3.552 -1.353 -28.342 3.448
2 24 -2.779 -29.070 3.604 -2.779 -30.697 3.516
2 24 3.788 -15.501 1.575 2.899 -15.501 2.907
2 24 -2.779 -33.380 3.227 -2.779 -36.029 2.634
2 24 4.333 -22.867 3.019 2.820 -21.199 2.487
2 24 -2.634 -16.150 -2.411 -2.851 -15.979 -2.790
2 24 2.899 -15.501 2.907 1.567 -15.501 3.797
2 24 5.492 -24.048 3.288 4.333 -22.867 3.019
2 24 2.624 -16.935 -0.019 2.418 -16.271 2.236
2 24 1.982 -38.288 -0.803 1.982 -38.611 -0.010
2 24 -1.353 -28.342 3.448 -1.464 -29.016 3.135
2 24 6.022 -26.281 3.568 5.890 -25.035 3.478
2 24 6.022 -27.119 3.577 6.022 -28.098 3.617
2 24 2.624 -16.935 -2.244 2.624 -19.235 -2.266
2 24 -1.399 -14.129 -3.561 -2.851 -15.979 -2.790
2 24 -2.906 -21.198 2.480 -4.323 -22.863 3.022
2 24 -2.634 -16.150 -2.411 -2.638 -16.935 -2.244
2 24 6.022 -28.098 3.617 6.022 -29.721 3.591
2 24 6.022 -32.647 -1.141 6.022 -34.778 -1.472
2 24 -1.994 -37.607 -1.366 -1.994 -38.282 -0.829
2 24 1.473 -29.013 3.667 1.277 -29.739 3.651
2 24 4.100 -0.002 0.005 3.788 -0.002 1.575
2 24 2.820 -21.199 2.487 2.624 -19.238 2.246
2 24 -0.005 -0.002 -4.109 -1.580 -0.002 -3.795
2 24 -2.638 -19.235 -2.267 -2.906 -21.197 -2.176
2 24 -4.323 -22.948 -1.679 -5.397 -24.003 -1.334
2 24 -5.397 -23.962 3.276 -5.894 -24.923 3.466
2 24 6.022 -26.281 3.568 6.022 -27.119 3.577
2 24 1.983 -36.600 -1.305 1.983 -37.580 -1.308
2 24 -2.779 -37.901 -2.174 -2.779 -39.067 -1.374
2 24 1.982 -28.960 -0.139 1.983 -30.416 -0.104
2 24 2.418 -16.271 2.236 1.370 -16.136 2.616
2 24 -0.005 -15.501 4.109 -1.576 -15.501 3.797
2 24 -1.576 -15.501 3.797 -2.908 -15.501 2.907
2 24 -2.908 -15.501 2.907 -3.797 -15.501 1.575
2 24 -2.011 -26.493 -0.920 -2.389 -26.560 -0.938
2 24 -6.022 -36.306 2.633 -6.022 -38.084 2.151
2 24 -1.989 -33.239 2.391 -1.993 -35.751 1.826
2 24 -6.022 -31.377 3.522 -6.022 -33.883 3.216
2 24 -1.993 -35.751 1.826 -1.996 -37.589 1.382
2 24 -1.282 -29.747 3.648 -1.482 -29.024 3.664
2 24 1.567 -15.501 3.797 -0.005 -15.501 4.109
2 24 -6.022 -33.883 3.216 -6.022 -36.306 2.633
2 24 -6.022 -34.796 -1.471 -6.022 -36.716 -2.179
2 24 6.022 -39.030 -1.342 6.022 -39.446 0.015
2 24 -2.795 -16.148 -1.223 -2.849 -16.185 0.005
2 24 -6.022 -28.128 3.623 -6.022 -29.752 3.602
2 24 -2.779 -30.697 3.516 -2.779 -33.380 3.227
2 24 1.980 -33.226 2.368 1.981 -35.722 1.749
2 24 6.022 -27.284 -0.808 6.022 -28.146 -0.788
2 24 -2.906 -21.197 -2.176 -4.323 -22.948 -1.679
2 24 2.011 -26.866 -0.262 1.982 -27.529 -0.210
2 24 6.022 -29.540 -0.889 6.022 -30.957 -0.954
2 24 4.100 -0.002 0.005 3.793 -0.002 -1.566
2 24 2.905 -0.002 -2.901 1.571 -0.002 -3.795
2 24 -5.397 -24.003 -1.334 -5.894 -25.161 -1.025
2 24 2.870 -36.541 -2.212 2.870 -37.897 -2.170
2 24 2.617 -16.185 -2.406 2.624 -16.935 -2.244
2 24 3.793 -0.002 -1.566 2.905 -0.002 -2.901
2 24 1.983 -37.580 -1.308 1.982 -38.288 -0.803
2 24 0.002 -16.935 2.260 -2.431 -16.271 2.236
2 24 -1.994 -38.282 -0.829 -1.994 -38.623 -0.005
2 24 -1.959 -25.962 3.625 -2.390 -26.193 3.670
2 24 1.068 -33.367 3.222 1.064 -35.996 2.630
2 24 -6.022 -29.752 3.602 -6.022 -31.377 3.522
2 24 2.863 -26.643 3.633 2.453 -26.185 3.593
2 24 -0.005 -27.599 3.601 -0.715 -27.797 3.551
2 24 -2.431 -16.271 2.236 -2.638 -16.935 -0.018
2 24 2.032 -26.403 -0.875 1.473 -26.522 -0.901
2 24 1.455 -29.015 3.134 1.344 -28.342 3.448
2 24 6.022 -26.356 -0.849 6.022 -27.284 -0.808
2 24 2.870 -37.897 -2.170 2.870 -39.062 -1.370
2 24 5.492 -24.084 -1.270 4.333 -22.950 -1.675
2 24 2.820 -21.198 -2.173 2.624 -19.235 -2.266
2 24 -0.009 -27.612 3.746 -0.747 -27.803 3.717
2 24 1.571 -0.002 -3.795 -0.005 -0.002 -4.109
2 24 6.022 -28.146 -0.788 6.022 -29.540 -0.889
2 24 1.077 -36.541 -2.211 1.057 -37.896 -2.169
2 24 1.473 -26.522 -0.901 -2.011 -26.493 -0.920
2 24 1.473 -26.522 -0.901 -1.582 -26.537 -0.769
2 24 5.890 -25.220 -1.028 5.492 -24.084 -1.270
2 24 1.982 -27.529 -0.210 1.982 -28.960 -0.139
2 24 6.022 -30.957 -0.954 6.022 -32.647 -1.141
2 24 6.022 -38.084 2.151 6.022 -39.086 1.371
2 24 -2.779 -39.067 -1.374 -2.779 -39.479 0.008
2 24 -1.108 -39.062 -1.370 -1.108 -39.475 0.009
2 24 2.870 -38.023 2.144 2.870 -39.092 1.371
2 24 1.980 -37.558 1.321 1.982 -38.283 0.779
2 24 0.738 -30.257 3.641 0.000 -30.449 3.635
2 24 0.734 -30.277 3.455 -0.005 -30.450 3.508
2 24 1.057 -38.000 2.145 1.057 -39.092 1.371
2 24 -6.022 -39.030 -1.342 -6.022 -39.446 0.015
2 24 6.022 -26.356 -0.849 5.890 -25.220 -1.028
2 24 6.022 -36.709 -2.180 6.022 -37.938 -2.145
2 24 1.455 -29.015 3.134 1.150 -29.860 3.415
2 24 1.042 -28.011 3.552 0.703 -27.797 3.550
2 24 -0.739 -30.262 3.639 -1.282 -29.747 3.648
2 24 1.881 -26.005 3.608 1.420 -26.198 3.654
2 24 -2.779 -36.029 2.634 -2.779 -38.023 2.144
2 24 1.344 -28.342 3.448 1.042 -28.011 3.552
2 24 -1.371 -26.169 3.636 -1.959 -25.962 3.625
2 24 -2.779 -38.023 2.144 -2.779 -39.095 1.371
2 24 -0.005 -30.450 3.508 -0.743 -30.277 3.455
2 24 0.703 -27.797 3.550 -0.005 -27.599 3.601
2 24 0.730 -27.798 3.719 -0.009 -27.612 3.746
2 24 -0.743 -30.277 3.455 -1.160 -29.860 3.414
2 24 -1.996 -37.589 1.382 -1.994 -38.273 0.811
2 24 1.272 -28.307 3.685 0.730 -27.798 3.719
2 24 -6.022 -38.084 2.151 -6.022 -39.086 1.371
2 24 6.022 -39.086 1.371 6.022 -39.446 0.015
2 24 0.000 -30.449 3.635 -0.739 -30.262 3.639
2 24 -2.779 -39.095 1.371 -2.779 -39.479 0.008
2 24 2.870 -39.092 1.371 2.870 -39.475 0.009
2 24 -6.022 -39.086 1.371 -6.022 -39.446 0.015
2 24 1.057 -39.092 1.371 1.057 -39.473 0.009
2 24 -1.994 -38.273 0.811 -1.994 -38.623 -0.005
2 24 -1.108 -39.093 1.371 -1.108 -39.475 0.009
2 24 6.022 -37.938 -2.145 6.022 -39.030 -1.342
2 24 1.982 -38.283 0.779 1.982 -38.611 -0.010
