0 FILE 3387.dat
0 Vehicle, Mudguard 4 x 2 1/2 x 2 with Arch Round
0 Name:  3387.dat
0 Author:  
0 BL_Item_No 3387
0 BFC CERTIFY CCW
3 16 36.000 24.000 16.000 -36.000 24.000 16.000 -40.000 24.000 20.000
3 16 -40.000 24.000 20.000 40.000 24.000 20.000 36.000 24.000 16.000
3 16 40.000 24.000 20.000 -40.000 24.000 20.000 -40.000 8.000 20.000
3 16 -40.000 8.000 20.000 40.000 8.000 20.000 40.000 24.000 20.000
3 16 -20.000 0.000 0.000 20.000 0.000 0.000 16.500 3.779 0.000
3 16 16.500 3.779 0.000 -16.500 3.779 0.000 -20.000 0.000 0.000
3 16 -16.500 8.000 0.000 -20.000 8.000 0.000 -20.000 0.000 0.000
3 16 -20.000 0.000 0.000 -16.500 3.779 0.000 -16.500 8.000 0.000
3 16 -14.000 8.000 1.000 -40.000 8.000 20.000 -20.000 8.000 0.000
3 16 -20.000 8.000 0.000 -16.500 8.000 0.000 -14.000 8.000 1.000
3 16 -20.000 8.000 -20.000 -20.000 0.000 -20.000 -20.000 7.000 -16.000
3 16 -20.000 7.000 -16.000 -20.000 8.000 -18.000 -20.000 8.000 -20.000
3 16 -20.000 0.000 -20.000 -20.000 0.000 0.000 -20.000 7.000 -4.000
3 16 -20.000 7.000 -4.000 -20.000 7.000 -16.000 -20.000 0.000 -20.000
3 16 -20.000 7.000 -4.000 -20.000 0.000 0.000 -20.000 8.000 0.000
3 16 -20.000 8.000 0.000 -20.000 8.000 -2.000 -20.000 7.000 -4.000
3 16 -20.000 8.000 0.000 -40.000 8.000 20.000 -22.000 8.000 -4.000
3 16 -22.000 8.000 -4.000 -20.000 8.000 -2.000 -20.000 8.000 0.000
3 16 -20.000 8.000 -20.000 -20.000 8.000 -18.000 -22.000 8.000 -16.000
3 16 -22.000 8.000 -16.000 -40.000 8.000 -20.000 -20.000 8.000 -20.000
3 16 -40.000 8.000 -20.000 -22.000 8.000 -16.000 -22.000 8.000 -4.000
3 16 -22.000 8.000 -4.000 -40.000 8.000 20.000 -40.000 8.000 -20.000
3 16 -23.743 -0.562 -20.000 -20.000 0.000 -20.000 -20.000 8.000 -20.000
3 16 -20.000 8.000 -20.000 -27.577 2.544 -20.000 -23.743 -0.562 -20.000
3 16 0.000 -8.000 -20.000 0.000 0.000 -20.000 -10.093 -6.772 -20.000
3 16 -10.093 -6.772 -20.000 -5.090 -7.690 -20.000 0.000 -8.000 -20.000
3 16 -10.093 -6.772 -20.000 0.000 0.000 -20.000 -19.500 -3.176 -20.000
3 16 -19.500 -3.176 -20.000 -14.925 -5.260 -20.000 -10.093 -6.772 -20.000
3 16 -19.500 -3.176 -20.000 0.000 0.000 -20.000 -20.000 0.000 -20.000
3 16 -20.000 0.000 -20.000 -23.743 -0.562 -20.000 -19.500 -3.176 -20.000
3 16 -32.328 8.000 -20.000 -30.943 6.083 -20.000 -27.577 2.544 -20.000
3 16 -27.577 2.544 -20.000 -20.000 8.000 -20.000 -32.328 8.000 -20.000
3 16 16.500 8.000 0.000 16.500 3.779 0.000 20.000 0.000 0.000
3 16 20.000 0.000 0.000 20.000 8.000 0.000 16.500 8.000 0.000
3 16 16.500 8.000 0.000 20.000 8.000 0.000 40.000 8.000 20.000
3 16 40.000 8.000 20.000 14.000 8.000 1.000 16.500 8.000 0.000
3 16 20.000 8.000 -20.000 20.000 8.000 -18.000 20.000 7.000 -16.000
3 16 20.000 7.000 -16.000 20.000 0.000 -20.000 20.000 8.000 -20.000
3 16 20.000 0.000 -20.000 20.000 7.000 -16.000 20.000 7.000 -4.000
3 16 20.000 7.000 -4.000 20.000 0.000 0.000 20.000 0.000 -20.000
3 16 20.000 7.000 -4.000 20.000 8.000 -2.000 20.000 8.000 0.000
3 16 20.000 8.000 0.000 20.000 0.000 0.000 20.000 7.000 -4.000
3 16 20.000 8.000 -2.000 22.000 8.000 -4.000 40.000 8.000 20.000
3 16 40.000 8.000 20.000 20.000 8.000 0.000 20.000 8.000 -2.000
3 16 40.000 8.000 -20.000 22.000 8.000 -16.000 20.000 8.000 -18.000
3 16 20.000 8.000 -18.000 20.000 8.000 -20.000 40.000 8.000 -20.000
3 16 40.000 8.000 -20.000 40.000 8.000 20.000 22.000 8.000 -4.000
3 16 22.000 8.000 -4.000 22.000 8.000 -16.000 40.000 8.000 -20.000
3 16 23.743 -0.562 -20.000 27.577 2.544 -20.000 20.000 8.000 -20.000
3 16 20.000 8.000 -20.000 20.000 0.000 -20.000 23.743 -0.562 -20.000
3 16 0.000 -8.000 -20.000 5.090 -7.690 -20.000 10.093 -6.772 -20.000
3 16 10.093 -6.772 -20.000 0.000 0.000 -20.000 0.000 -8.000 -20.000
3 16 10.093 -6.772 -20.000 14.925 -5.260 -20.000 19.500 -3.176 -20.000
3 16 19.500 -3.176 -20.000 0.000 0.000 -20.000 10.093 -6.772 -20.000
3 16 19.500 -3.176 -20.000 23.743 -0.562 -20.000 20.000 0.000 -20.000
3 16 20.000 0.000 -20.000 0.000 0.000 -20.000 19.500 -3.176 -20.000
3 16 32.328 8.000 -20.000 20.000 8.000 -20.000 27.577 2.544 -20.000
3 16 27.577 2.544 -20.000 30.943 6.083 -20.000 32.328 8.000 -20.000
3 16 20.000 12.000 1.000 14.000 8.000 1.000 20.000 24.000 1.000
3 16 -20.000 24.000 1.000 20.000 24.000 1.000 14.000 8.000 1.000
3 16 14.000 8.000 1.000 -14.000 8.000 1.000 -20.000 24.000 1.000
3 16 -33.000 12.000 0.000 -36.000 12.000 0.000 -36.000 12.000 16.000
3 16 -36.000 12.000 16.000 -33.000 12.000 4.000 -33.000 12.000 0.000
3 16 -33.000 12.000 4.000 -36.000 12.000 16.000 36.000 12.000 16.000
3 16 36.000 12.000 16.000 33.000 12.000 4.000 -33.000 12.000 4.000
3 16 33.000 12.000 4.000 36.000 12.000 16.000 36.000 12.000 0.000
3 16 36.000 12.000 0.000 33.000 12.000 0.000 33.000 12.000 4.000
3 16 -20.000 24.000 1.000 -33.000 24.000 4.000 33.000 24.000 4.000
3 16 33.000 24.000 4.000 20.000 24.000 1.000 -20.000 24.000 1.000
3 16 -36.000 24.000 16.000 -36.000 24.000 0.000 -40.000 24.000 0.000
3 16 -40.000 24.000 0.000 -40.000 24.000 20.000 -36.000 24.000 16.000
3 16 -40.000 8.000 -20.000 -40.000 8.000 20.000 -40.000 24.000 20.000
3 16 -40.000 24.000 20.000 -40.000 24.000 0.000 -40.000 8.000 -20.000
3 16 36.000 24.000 0.000 36.000 24.000 16.000 40.000 24.000 20.000
3 16 40.000 24.000 20.000 40.000 24.000 0.000 36.000 24.000 0.000
3 16 -20.000 12.000 1.000 -20.000 24.000 1.000 -14.000 8.000 1.000
3 16 -14.000 8.000 1.000 14.000 8.000 1.000 40.000 8.000 20.000
3 16 40.000 8.000 20.000 -40.000 8.000 20.000 -14.000 8.000 1.000
3 16 40.000 8.000 -20.000 40.000 24.000 0.000 40.000 24.000 20.000
3 16 40.000 24.000 20.000 40.000 8.000 20.000 40.000 8.000 -20.000
3 16 33.000 34.104 -25.706 32.716 29.959 -26.215 32.716 29.889 -22.000
3 16 32.716 29.889 -22.000 33.000 34.000 -22.000 33.000 34.104 -25.706
3 16 32.716 29.959 -26.215 31.875 25.884 -26.715 31.875 25.848 -22.000
3 16 31.875 25.848 -22.000 32.716 29.889 -22.000 32.716 29.959 -26.215
3 16 31.875 25.884 -26.715 30.489 21.949 -27.199 30.489 21.705 -25.213
3 16 30.489 21.949 -27.199 28.578 18.223 -27.656 28.578 17.980 -25.671
3 16 28.578 17.980 -25.671 30.489 21.705 -25.213 30.489 21.949 -27.199
3 16 28.578 18.223 -27.656 26.182 14.768 -28.080 26.182 14.524 -26.095
3 16 26.182 14.524 -26.095 28.578 17.980 -25.671 28.578 18.223 -27.656
3 16 26.182 14.768 -28.080 23.334 11.645 -28.464 23.334 11.402 -26.479
3 16 23.334 11.402 -26.479 26.182 14.524 -26.095 26.182 14.768 -28.080
3 16 23.334 11.645 -28.464 20.090 8.904 -28.800 20.090 8.661 -26.815
3 16 20.090 8.661 -26.815 23.334 11.402 -26.479 23.334 11.645 -28.464
3 16 20.090 8.904 -28.800 16.500 6.599 -29.083 16.500 6.355 -27.098
3 16 16.500 6.355 -27.098 20.090 8.661 -26.815 20.090 8.904 -28.800
3 16 16.500 6.599 -29.083 12.629 4.760 -29.309 12.629 4.516 -27.324
3 16 12.629 4.516 -27.324 16.500 6.355 -27.098 16.500 6.599 -29.083
3 16 12.629 4.760 -29.309 8.540 3.426 -29.473 8.540 3.182 -27.488
3 16 8.540 3.182 -27.488 12.629 4.516 -27.324 12.629 4.760 -29.309
3 16 8.540 3.426 -29.473 4.307 2.616 -29.572 4.307 2.372 -27.587
3 16 4.307 2.372 -27.587 8.540 3.182 -27.488 8.540 3.426 -29.473
3 16 4.307 2.616 -29.572 0.000 2.343 -29.606 0.000 2.099 -27.621
3 16 0.000 2.099 -27.621 4.307 2.372 -27.587 4.307 2.616 -29.572
3 16 0.000 2.343 -29.606 -4.307 2.616 -29.572 -4.307 2.372 -27.587
3 16 -4.307 2.372 -27.587 0.000 2.099 -27.621 0.000 2.343 -29.606
3 16 -4.307 2.616 -29.572 -8.540 3.426 -29.473 -8.540 3.182 -27.488
3 16 -8.540 3.182 -27.488 -4.307 2.372 -27.587 -4.307 2.616 -29.572
3 16 -8.540 3.426 -29.473 -12.629 4.760 -29.309 -12.629 4.516 -27.324
3 16 -12.629 4.516 -27.324 -8.540 3.182 -27.488 -8.540 3.426 -29.473
3 16 -12.629 4.760 -29.309 -16.500 6.599 -29.083 -16.500 6.355 -27.098
3 16 -16.500 6.355 -27.098 -12.629 4.516 -27.324 -12.629 4.760 -29.309
3 16 -16.500 6.599 -29.083 -20.090 8.904 -28.800 -20.090 8.661 -26.815
3 16 -20.090 8.661 -26.815 -16.500 6.355 -27.098 -16.500 6.599 -29.083
3 16 -20.090 8.904 -28.800 -23.334 11.645 -28.464 -23.334 11.402 -26.479
3 16 -23.334 11.402 -26.479 -20.090 8.661 -26.815 -20.090 8.904 -28.800
3 16 -23.334 11.645 -28.464 -26.182 14.768 -28.080 -26.182 14.524 -26.095
3 16 -26.182 14.524 -26.095 -23.334 11.402 -26.479 -23.334 11.645 -28.464
3 16 -26.182 14.768 -28.080 -28.578 18.223 -27.656 -28.578 17.980 -25.671
3 16 -28.578 17.980 -25.671 -26.182 14.524 -26.095 -26.182 14.768 -28.080
3 16 -28.578 18.223 -27.656 -30.489 21.949 -27.199 -30.489 21.706 -25.214
3 16 -30.489 21.706 -25.214 -28.578 17.980 -25.671 -28.578 18.223 -27.656
3 16 -30.489 21.706 -25.214 -30.489 21.949 -27.199 -31.836 25.884 -26.715
3 16 -32.716 29.959 -26.215 -32.716 29.889 -22.000 -31.875 25.848 -22.000
3 16 -31.875 25.848 -22.000 -31.836 25.884 -26.715 -32.716 29.959 -26.215
3 16 -32.716 29.959 -26.215 -33.000 34.104 -25.706 -33.000 34.000 -22.000
3 16 -33.000 34.000 -22.000 -32.716 29.889 -22.000 -32.716 29.959 -26.215
3 16 -33.000 34.000 -22.000 -33.000 34.104 -25.706 -34.000 48.000 -24.000
3 16 -34.000 48.000 -24.000 -34.000 48.000 -22.000 -33.000 34.000 -22.000
3 16 -32.000 24.000 -4.000 -32.000 11.726 -4.000 -36.000 11.726 -4.000
3 16 -32.000 24.000 -4.000 -36.000 11.726 -4.000 -36.000 48.000 -4.000
3 16 -36.000 48.000 -4.000 -32.000 48.000 -4.000 -32.000 24.000 -4.000
3 16 -32.000 24.000 -2.000 -32.000 48.000 -2.000 -33.000 48.000 0.000
3 16 -33.000 48.000 0.000 -33.000 24.000 0.000 -32.000 24.000 -2.000
3 16 -32.000 48.000 -2.000 -32.000 24.000 -2.000 -32.000 24.000 -4.000
3 16 -32.000 24.000 -4.000 -32.000 48.000 -4.000 -32.000 48.000 -2.000
3 16 -33.000 34.000 -22.000 -36.000 34.000 -18.000 -35.716 29.889 -18.000
3 16 -35.716 29.889 -18.000 -32.716 29.889 -22.000 -33.000 34.000 -22.000
3 16 -35.716 29.889 -18.000 -34.875 25.848 -18.000 -31.875 25.848 -22.000
3 16 -31.875 25.848 -22.000 -32.716 29.889 -22.000 -35.716 29.889 -18.000
3 16 -31.875 25.848 -22.000 -34.875 25.848 -18.000 -33.489 21.945 -18.000
3 16 -33.489 21.945 -18.000 -30.489 21.945 -22.000 -31.875 25.848 -22.000
3 16 -30.489 21.945 -22.000 -33.489 21.945 -18.000 -31.578 18.250 -18.000
3 16 -31.578 18.250 -18.000 -28.578 18.250 -22.000 -30.489 21.945 -22.000
3 16 -28.578 18.250 -22.000 -31.578 18.250 -18.000 -29.182 14.823 -18.000
3 16 -29.182 14.823 -18.000 -26.182 14.823 -22.000 -28.578 18.250 -22.000
3 16 -26.182 14.823 -22.000 -29.182 14.823 -18.000 -26.334 11.726 -18.000
3 16 -26.334 11.726 -18.000 -23.334 11.726 -22.000 -26.182 14.823 -22.000
3 16 -34.000 48.000 -22.000 -36.000 34.000 -18.000 -33.000 34.000 -22.000
3 16 -36.000 34.000 -18.000 -34.000 48.000 -22.000 -36.000 48.000 -18.000
3 16 -36.000 11.726 -8.000 -33.000 11.726 -8.000 -33.000 34.000 -8.000
3 16 -36.000 11.726 -12.000 -33.000 34.000 -12.000 -33.000 11.726 -12.000
3 16 -33.000 34.000 -12.000 -36.000 11.726 -12.000 -36.000 42.000 -12.000
3 16 -36.000 42.000 -12.000 -33.500 39.500 -12.000 -33.000 34.000 -12.000
3 16 -36.000 11.726 -8.000 -33.000 34.000 -8.000 -33.500 39.500 -8.000
3 16 -33.500 39.500 -8.000 -36.000 42.000 -8.000 -36.000 11.726 -8.000
3 16 -36.000 48.000 -18.000 -36.000 48.000 -4.000 -36.000 11.726 -4.000
3 16 -36.000 11.726 -4.000 -36.000 11.726 -18.000 -36.000 48.000 -18.000
3 16 -4.307 2.771 -4.000 0.000 2.500 -4.000 0.000 2.500 -23.000
3 16 0.000 2.500 -23.000 -4.307 2.771 -23.000 -4.307 2.771 -4.000
3 16 -8.540 3.574 -4.000 -4.307 2.771 -4.000 -4.307 2.771 -23.000
3 16 -4.307 2.771 -23.000 -8.540 3.574 -23.000 -8.540 3.574 -4.000
3 16 -10.000 4.046 -16.000 -10.000 4.046 -4.000 -8.540 3.574 -4.000
3 16 -8.540 3.574 -4.000 -8.540 3.574 -23.000 -10.000 4.046 -16.000
3 16 -10.000 4.046 -16.000 -16.500 4.000 -16.000 -16.500 4.000 -4.000
3 16 -16.500 4.000 -4.000 -10.000 4.046 -4.000 -10.000 4.046 -16.000
3 16 -8.540 3.574 -23.000 -12.629 4.897 -23.000 -12.629 4.897 -16.000
3 16 -12.629 4.897 -16.000 -10.000 4.046 -16.000 -8.540 3.574 -23.000
3 16 -16.500 6.721 -16.000 -12.629 4.897 -16.000 -12.629 4.897 -23.000
3 16 -12.629 4.897 -23.000 -16.500 6.721 -23.000 -16.500 6.721 -16.000
3 16 -16.500 6.721 -4.000 -16.500 8.000 0.000 -12.629 6.176 0.000
3 16 -12.629 6.176 0.000 -12.629 4.897 -4.000 -16.500 6.721 -4.000
3 16 -12.629 6.176 0.000 -8.540 4.853 0.000 -10.000 4.046 -4.000
3 16 -10.000 4.046 -4.000 -12.629 4.897 -4.000 -12.629 6.176 0.000
3 16 -10.000 4.046 -4.000 -8.540 4.853 0.000 -8.540 3.574 -4.000
3 16 -8.540 4.853 0.000 -4.307 4.050 0.000 -4.307 2.771 -4.000
3 16 -4.307 2.771 -4.000 -8.540 3.574 -4.000 -8.540 4.853 0.000
3 16 -4.307 2.771 -4.000 -4.307 4.050 0.000 0.000 3.779 0.000
3 16 0.000 3.779 0.000 0.000 2.500 -4.000 -4.307 2.771 -4.000
3 16 -16.500 6.721 -4.000 -20.000 8.000 -2.000 -16.500 8.000 0.000
3 16 -20.000 12.000 1.000 -14.000 8.000 1.000 -23.334 11.726 0.000
3 16 -16.500 8.000 0.000 -23.334 11.726 0.000 -14.000 8.000 1.000
3 16 -23.334 11.726 0.000 -23.334 24.000 0.000 -20.000 24.000 1.000
3 16 -20.000 24.000 1.000 -20.000 12.000 1.000 -23.334 11.726 0.000
3 16 -23.334 24.000 0.000 -23.334 11.726 0.000 -31.000 11.726 0.000
3 16 -31.000 11.726 0.000 -31.000 24.000 0.000 -23.334 24.000 0.000
3 16 -31.000 24.000 0.000 -31.000 11.726 0.000 -32.000 11.726 -4.000
3 16 -32.000 11.726 -4.000 -32.000 24.000 -4.000 -31.000 24.000 0.000
3 16 -16.500 4.000 -4.000 -16.500 4.000 -16.000 -16.500 6.721 -16.000
3 16 -16.500 6.721 -16.000 -16.500 6.721 -4.000 -16.500 4.000 -4.000
3 16 -16.500 6.721 -4.000 -12.629 4.897 -4.000 -16.500 4.000 -4.000
3 16 -12.629 4.897 -4.000 -10.000 4.046 -4.000 -16.500 4.000 -4.000
3 16 -10.000 4.046 -16.000 -12.629 4.897 -16.000 -16.500 4.000 -16.000
3 16 -12.629 4.897 -16.000 -16.500 6.721 -16.000 -16.500 4.000 -16.000
3 16 -16.500 6.721 -4.000 -20.000 7.000 -4.000 -20.000 8.000 -2.000
3 16 -16.500 6.721 -16.000 -20.000 8.000 -18.000 -20.000 7.000 -16.000
3 16 -16.500 6.721 -4.000 -16.500 6.721 -16.000 -20.000 7.000 -16.000
3 16 -20.000 7.000 -16.000 -20.000 7.000 -4.000 -16.500 6.721 -4.000
3 16 -23.334 11.726 0.000 -16.500 8.000 0.000 -20.000 8.000 -2.000
3 16 -20.000 8.000 -2.000 -22.000 8.000 -4.000 -23.334 11.726 0.000
3 16 -22.000 8.000 -4.000 -23.334 11.726 -8.000 -23.334 11.726 0.000
3 16 -23.334 11.726 -12.000 -23.334 11.726 -8.000 -22.000 8.000 -4.000
3 16 -22.000 8.000 -4.000 -22.000 8.000 -16.000 -23.334 11.726 -12.000
3 16 -22.000 8.000 -16.000 -23.334 11.726 -22.000 -23.334 11.726 -12.000
3 16 -22.000 8.000 -16.000 -20.000 8.000 -18.000 -23.334 11.726 -22.000
3 16 -16.500 6.721 -16.000 -20.000 9.000 -19.520 -20.000 8.000 -18.000
3 16 -20.000 9.000 -19.520 -23.334 11.726 -22.000 -20.000 8.000 -18.000
3 16 -20.000 9.000 -19.520 -20.090 9.008 -23.000 -23.334 11.726 -22.000
3 16 -20.000 9.000 -19.520 -16.500 6.721 -23.000 -20.090 9.008 -23.000
3 16 -20.000 9.000 -19.520 -16.500 6.721 -16.000 -16.500 6.721 -23.000
3 16 -33.000 24.000 4.000 -31.000 24.000 0.000 -32.000 24.000 -2.000
3 16 -32.000 24.000 -2.000 -33.000 24.000 0.000 -33.000 24.000 4.000
3 16 -32.000 24.000 -2.000 -31.000 24.000 0.000 -32.000 24.000 -4.000
3 16 -33.000 24.000 4.000 -20.000 24.000 1.000 -23.334 24.000 0.000
3 16 -23.334 24.000 0.000 -31.000 24.000 0.000 -33.000 24.000 4.000
3 16 -40.000 48.000 -22.000 -36.000 48.000 -18.000 -34.000 48.000 -22.000
3 16 -32.000 48.000 -2.000 -32.000 48.000 -4.000 -36.000 48.000 -4.000
3 16 -36.000 48.000 -4.000 -40.000 48.000 0.000 -32.000 48.000 -2.000
3 16 -32.000 48.000 -2.000 -40.000 48.000 0.000 -33.000 48.000 0.000
3 16 -36.000 48.000 -4.000 -36.000 48.000 -18.000 -40.000 48.000 -22.000
3 16 -40.000 48.000 -22.000 -40.000 48.000 0.000 -36.000 48.000 -4.000
3 16 -26.334 11.726 -18.000 -36.000 11.726 -18.000 -36.000 11.726 -12.000
3 16 -36.000 11.726 -12.000 -23.334 11.726 -12.000 -26.334 11.726 -18.000
3 16 -26.334 11.726 -18.000 -23.334 11.726 -12.000 -23.334 11.726 -22.000
3 16 -31.000 11.726 0.000 -23.334 11.726 0.000 -23.334 11.726 -8.000
3 16 -23.334 11.726 -8.000 -32.000 11.726 -4.000 -31.000 11.726 0.000
3 16 -36.000 11.726 -4.000 -32.000 11.726 -4.000 -23.334 11.726 -8.000
3 16 -23.334 11.726 -8.000 -36.000 11.726 -8.000 -36.000 11.726 -4.000
3 16 32.000 11.726 -4.000 32.000 24.000 -4.000 36.000 11.726 -4.000
3 16 32.000 24.000 -4.000 32.000 48.000 -4.000 36.000 48.000 -4.000
3 16 36.000 48.000 -4.000 36.000 11.726 -4.000 32.000 24.000 -4.000
3 16 32.000 24.000 -2.000 33.000 24.000 0.000 33.000 48.000 0.000
3 16 33.000 48.000 0.000 32.000 48.000 -2.000 32.000 24.000 -2.000
3 16 32.000 48.000 -2.000 32.000 48.000 -4.000 32.000 24.000 -4.000
3 16 32.000 24.000 -4.000 32.000 24.000 -2.000 32.000 48.000 -2.000
3 16 33.000 34.000 -22.000 32.716 29.889 -22.000 35.716 29.889 -18.000
3 16 35.716 29.889 -18.000 36.000 34.000 -18.000 33.000 34.000 -22.000
3 16 35.716 29.889 -18.000 32.716 29.889 -22.000 31.875 25.848 -22.000
3 16 31.875 25.848 -22.000 34.875 25.848 -18.000 35.716 29.889 -18.000
3 16 31.875 25.848 -22.000 30.489 21.945 -22.000 33.489 21.945 -18.000
3 16 33.489 21.945 -18.000 34.875 25.848 -18.000 31.875 25.848 -22.000
3 16 30.489 21.945 -22.000 28.578 18.250 -22.000 31.578 18.250 -18.000
3 16 31.578 18.250 -18.000 33.489 21.945 -18.000 30.489 21.945 -22.000
3 16 28.578 18.250 -22.000 26.182 14.823 -22.000 29.182 14.823 -18.000
3 16 29.182 14.823 -18.000 31.578 18.250 -18.000 28.578 18.250 -22.000
3 16 26.182 14.823 -22.000 23.334 11.726 -22.000 26.334 11.726 -18.000
3 16 26.334 11.726 -18.000 29.182 14.823 -18.000 26.182 14.823 -22.000
3 16 36.000 48.000 -18.000 34.000 48.000 -22.000 36.000 34.000 -18.000
3 16 33.000 34.000 -22.000 36.000 34.000 -18.000 34.000 48.000 -22.000
3 16 36.000 11.726 -8.000 33.000 34.000 -8.000 33.000 11.726 -8.000
3 16 36.000 11.726 -12.000 33.000 11.726 -12.000 33.000 34.000 -12.000
3 16 33.000 34.000 -12.000 33.500 39.500 -12.000 36.000 42.000 -12.000
3 16 36.000 42.000 -12.000 36.000 11.726 -12.000 33.000 34.000 -12.000
3 16 36.000 11.726 -8.000 36.000 42.000 -8.000 33.500 39.500 -8.000
3 16 33.500 39.500 -8.000 33.000 34.000 -8.000 36.000 11.726 -8.000
3 16 36.000 48.000 -18.000 36.000 11.726 -18.000 36.000 11.726 -4.000
3 16 36.000 11.726 -4.000 36.000 48.000 -4.000 36.000 48.000 -18.000
3 16 4.307 2.771 -4.000 4.307 2.771 -23.000 0.000 2.500 -23.000
3 16 0.000 2.500 -23.000 0.000 2.500 -4.000 4.307 2.771 -4.000
3 16 8.540 3.574 -4.000 8.540 3.574 -23.000 4.307 2.771 -23.000
3 16 4.307 2.771 -23.000 4.307 2.771 -4.000 8.540 3.574 -4.000
3 16 10.000 4.046 -16.000 8.540 3.574 -23.000 8.540 3.574 -4.000
3 16 8.540 3.574 -4.000 10.000 4.046 -4.000 10.000 4.046 -16.000
3 16 10.000 4.046 -16.000 10.000 4.046 -4.000 16.500 4.000 -4.000
3 16 16.500 4.000 -4.000 16.500 4.000 -16.000 10.000 4.046 -16.000
3 16 8.540 3.574 -23.000 10.000 4.046 -16.000 12.629 4.897 -16.000
3 16 12.629 4.897 -16.000 12.629 4.897 -23.000 8.540 3.574 -23.000
3 16 16.500 6.721 -16.000 16.500 6.721 -23.000 12.629 4.897 -23.000
3 16 12.629 4.897 -23.000 12.629 4.897 -16.000 16.500 6.721 -16.000
3 16 16.500 6.721 -4.000 12.629 4.897 -4.000 12.629 6.176 0.000
3 16 12.629 6.176 0.000 16.500 8.000 0.000 16.500 6.721 -4.000
3 16 12.629 6.176 0.000 12.629 4.897 -4.000 10.000 4.046 -4.000
3 16 10.000 4.046 -4.000 8.540 4.853 0.000 12.629 6.176 0.000
3 16 10.000 4.046 -4.000 8.540 3.574 -4.000 8.540 4.853 0.000
3 16 8.540 4.853 0.000 8.540 3.574 -4.000 4.307 2.771 -4.000
3 16 4.307 2.771 -4.000 4.307 4.050 0.000 8.540 4.853 0.000
3 16 4.307 2.771 -4.000 0.000 2.500 -4.000 0.000 3.779 0.000
3 16 0.000 3.779 0.000 4.307 4.050 0.000 4.307 2.771 -4.000
3 16 16.500 6.721 -4.000 16.500 8.000 0.000 20.000 8.000 -2.000
3 16 23.334 11.726 0.000 16.500 8.000 0.000 14.000 8.000 1.000
3 16 14.000 8.000 1.000 20.000 12.000 1.000 23.334 11.726 0.000
3 16 20.000 24.000 1.000 23.334 24.000 0.000 23.334 11.726 0.000
3 16 23.334 11.726 0.000 20.000 12.000 1.000 20.000 24.000 1.000
3 16 23.334 24.000 0.000 31.000 24.000 0.000 31.000 11.726 0.000
3 16 31.000 11.726 0.000 23.334 11.726 0.000 23.334 24.000 0.000
3 16 31.000 24.000 0.000 32.000 24.000 -4.000 32.000 11.726 -4.000
3 16 32.000 11.726 -4.000 31.000 11.726 0.000 31.000 24.000 0.000
3 16 16.500 4.000 -4.000 16.500 6.721 -4.000 16.500 6.721 -16.000
3 16 16.500 6.721 -16.000 16.500 4.000 -16.000 16.500 4.000 -4.000
3 16 16.500 6.721 -4.000 16.500 4.000 -4.000 12.629 4.897 -4.000
3 16 12.629 4.897 -4.000 16.500 4.000 -4.000 10.000 4.046 -4.000
3 16 10.000 4.046 -16.000 16.500 4.000 -16.000 12.629 4.897 -16.000
3 16 12.629 4.897 -16.000 16.500 4.000 -16.000 16.500 6.721 -16.000
3 16 16.500 6.721 -4.000 20.000 8.000 -2.000 20.000 7.000 -4.000
3 16 16.500 6.721 -16.000 20.000 7.000 -16.000 20.000 8.000 -18.000
3 16 16.500 6.721 -4.000 20.000 7.000 -4.000 20.000 7.000 -16.000
3 16 20.000 7.000 -16.000 16.500 6.721 -16.000 16.500 6.721 -4.000
3 16 23.334 11.726 0.000 20.000 8.000 -2.000 16.500 8.000 0.000
3 16 20.000 8.000 -2.000 23.334 11.726 0.000 22.000 8.000 -4.000
3 16 22.000 8.000 -4.000 23.334 11.726 0.000 23.334 11.726 -8.000
3 16 22.000 8.000 -4.000 23.334 11.726 -8.000 23.334 11.726 -12.000
3 16 23.334 11.726 -12.000 22.000 8.000 -16.000 22.000 8.000 -4.000
3 16 22.000 8.000 -16.000 23.334 11.726 -12.000 23.334 11.726 -22.000
3 16 22.000 8.000 -16.000 23.334 11.726 -22.000 20.000 8.000 -18.000
3 16 16.500 6.721 -16.000 20.000 8.000 -18.000 20.000 9.000 -19.520
3 16 20.000 9.000 -19.520 20.000 8.000 -18.000 23.334 11.726 -22.000
3 16 20.000 9.000 -19.520 23.334 11.726 -22.000 20.090 9.008 -23.000
3 16 20.000 9.000 -19.520 20.090 9.008 -23.000 16.500 6.721 -23.000
3 16 20.000 9.000 -19.520 16.500 6.721 -23.000 16.500 6.721 -16.000
3 16 33.000 24.000 4.000 33.000 24.000 0.000 32.000 24.000 -2.000
3 16 32.000 24.000 -2.000 31.000 24.000 0.000 33.000 24.000 4.000
3 16 32.000 24.000 -2.000 32.000 24.000 -4.000 31.000 24.000 0.000
3 16 33.000 24.000 4.000 31.000 24.000 0.000 23.334 24.000 0.000
3 16 23.334 24.000 0.000 20.000 24.000 1.000 33.000 24.000 4.000
3 16 40.000 48.000 -22.000 34.000 48.000 -22.000 36.000 48.000 -18.000
3 16 32.000 48.000 -2.000 40.000 48.000 0.000 36.000 48.000 -4.000
3 16 36.000 48.000 -4.000 32.000 48.000 -4.000 32.000 48.000 -2.000
3 16 32.000 48.000 -2.000 33.000 48.000 0.000 40.000 48.000 0.000
3 16 36.000 48.000 -4.000 40.000 48.000 0.000 40.000 48.000 -22.000
3 16 40.000 48.000 -22.000 36.000 48.000 -18.000 36.000 48.000 -4.000
3 16 26.334 11.726 -18.000 23.334 11.726 -12.000 36.000 11.726 -12.000
3 16 36.000 11.726 -12.000 36.000 11.726 -18.000 26.334 11.726 -18.000
3 16 26.334 11.726 -18.000 23.334 11.726 -22.000 23.334 11.726 -12.000
3 16 31.000 11.726 0.000 32.000 11.726 -4.000 23.334 11.726 -8.000
3 16 23.334 11.726 -8.000 23.334 11.726 0.000 31.000 11.726 0.000
3 16 36.000 11.726 -4.000 36.000 11.726 -8.000 23.334 11.726 -8.000
3 16 23.334 11.726 -8.000 32.000 11.726 -4.000 36.000 11.726 -4.000
3 16 -30.733 22.588 -23.431 -30.489 21.945 -23.000 -30.143 19.848 -23.000
3 16 -30.733 22.588 -23.431 -30.143 19.848 -23.000 -30.825 22.766 -24.170
3 16 -30.825 22.766 -24.170 -30.143 19.848 -23.000 -30.720 22.395 -24.874
3 16 -30.720 22.395 -24.874 -30.143 19.848 -23.000 -30.489 21.706 -25.214
3 16 -30.489 21.706 -25.214 -30.143 19.848 -23.000 -28.641 15.945 -23.000
3 16 -30.143 19.848 -23.000 -30.489 21.945 -23.000 -28.578 18.250 -23.000
3 16 -28.641 15.945 -23.000 -30.143 19.848 -23.000 -28.578 18.250 -23.000
3 16 -28.578 18.250 -23.000 -26.182 14.823 -23.000 -28.641 15.945 -23.000
3 16 -26.846 12.250 -23.000 -28.641 15.945 -23.000 -26.182 14.823 -23.000
3 16 -26.182 14.823 -23.000 -23.334 11.726 -23.000 -26.846 12.250 -23.000
3 16 -26.846 12.250 -23.000 -23.334 11.726 -23.000 -24.595 8.823 -23.000
3 16 -24.595 8.823 -23.000 -23.334 11.726 -23.000 -20.090 9.008 -23.000
3 16 -20.090 9.008 -23.000 -21.920 5.726 -23.000 -24.595 8.823 -23.000
3 16 -21.920 5.726 -23.000 -20.090 9.008 -23.000 -16.500 6.721 -23.000
3 16 -16.500 6.721 -23.000 -18.873 3.008 -23.000 -21.920 5.726 -23.000
3 16 -18.873 3.008 -23.000 -16.500 6.721 -23.000 -12.629 4.897 -23.000
3 16 -12.629 4.897 -23.000 -15.500 0.721 -23.000 -18.873 3.008 -23.000
3 16 -15.500 0.721 -23.000 -12.629 4.897 -23.000 -8.540 3.574 -23.000
3 16 -8.540 3.574 -23.000 -11.864 -1.103 -23.000 -15.500 0.721 -23.000
3 16 -11.864 -1.103 -23.000 -8.540 3.574 -23.000 -4.307 2.771 -23.000
3 16 -4.307 2.771 -23.000 -8.023 -2.426 -23.000 -11.864 -1.103 -23.000
3 16 -8.023 -2.426 -23.000 -4.307 2.771 -23.000 0.000 2.500 -23.000
3 16 0.000 2.500 -23.000 -4.046 -3.229 -23.000 -8.023 -2.426 -23.000
3 16 0.000 -3.500 -23.000 -4.046 -3.229 -23.000 0.000 2.500 -23.000
3 16 0.000 2.500 -23.000 4.046 -3.229 -23.000 0.000 -3.500 -23.000
3 16 -4.046 -3.229 -23.000 0.000 -3.500 -23.000 0.000 2.099 -27.621
3 16 0.000 2.099 -27.621 -4.307 2.372 -27.587 -4.046 -3.229 -23.000
3 16 -8.023 -2.426 -23.000 -4.046 -3.229 -23.000 -4.307 2.372 -27.587
3 16 -4.307 2.372 -27.587 -8.540 3.182 -27.488 -8.023 -2.426 -23.000
3 16 -8.023 -2.426 -23.000 -8.540 3.182 -27.488 -11.864 -1.103 -23.000
3 16 -11.864 -1.103 -23.000 -8.540 3.182 -27.488 -12.629 4.516 -27.324
3 16 -11.864 -1.103 -23.000 -12.629 4.516 -27.324 -15.500 0.721 -23.000
3 16 -15.500 0.721 -23.000 -12.629 4.516 -27.324 -16.500 6.355 -27.098
3 16 -15.500 0.721 -23.000 -16.500 6.355 -27.098 -18.873 3.008 -23.000
3 16 -18.873 3.008 -23.000 -16.500 6.355 -27.098 -20.090 8.661 -26.815
3 16 -21.920 5.726 -23.000 -18.873 3.008 -23.000 -20.090 8.661 -26.815
3 16 -21.920 5.726 -23.000 -20.090 8.661 -26.815 -23.334 11.402 -26.479
3 16 -21.920 5.726 -23.000 -23.334 11.402 -26.479 -24.595 8.823 -23.000
3 16 -24.595 8.823 -23.000 -23.334 11.402 -26.479 -26.182 14.524 -26.095
3 16 -24.595 8.823 -23.000 -26.182 14.524 -26.095 -26.846 12.250 -23.000
3 16 -26.846 12.250 -23.000 -26.182 14.524 -26.095 -28.578 17.980 -25.671
3 16 -26.846 12.250 -23.000 -28.578 17.980 -25.671 -28.641 15.945 -23.000
3 16 -28.641 15.945 -23.000 -28.578 17.980 -25.671 -30.489 21.706 -25.214
3 16 -30.489 21.945 -23.000 -30.733 22.588 -23.431 -31.875 25.848 -22.000
3 16 -30.489 21.945 -22.000 -30.489 21.945 -23.000 -31.875 25.848 -22.000
3 16 -31.875 25.848 -22.000 -30.733 22.588 -23.431 -30.825 22.766 -24.170
3 16 -30.825 22.766 -24.170 -31.836 25.884 -26.715 -31.875 25.848 -22.000
3 16 -31.836 25.884 -26.715 -30.825 22.766 -24.170 -30.720 22.395 -24.874
3 16 -31.836 25.884 -26.715 -30.720 22.395 -24.874 -30.489 21.706 -25.214
3 16 30.489 21.945 -23.000 30.733 22.588 -23.593 30.143 19.848 -23.000
3 16 30.143 19.848 -23.000 30.733 22.588 -23.593 30.825 22.766 -24.264
3 16 30.143 19.848 -23.000 30.825 22.766 -24.264 30.720 22.395 -24.905
3 16 30.143 19.848 -23.000 30.720 22.395 -24.905 30.489 21.705 -25.213
3 16 30.143 19.848 -23.000 30.489 21.705 -25.213 28.641 15.945 -23.000
3 16 30.489 21.945 -23.000 30.143 19.848 -23.000 28.578 18.250 -23.000
3 16 28.578 18.250 -23.000 30.143 19.848 -23.000 28.641 15.945 -23.000
3 16 28.641 15.945 -23.000 26.182 14.823 -23.000 28.578 18.250 -23.000
3 16 26.182 14.823 -23.000 28.641 15.945 -23.000 26.846 12.250 -23.000
3 16 26.846 12.250 -23.000 23.334 11.726 -23.000 26.182 14.823 -23.000
3 16 23.334 11.726 -23.000 26.846 12.250 -23.000 24.595 8.823 -23.000
3 16 16.500 6.721 -23.000 20.090 9.008 -23.000 21.920 5.726 -23.000
3 16 21.920 5.726 -23.000 18.873 3.008 -23.000 16.500 6.721 -23.000
3 16 24.595 8.823 -23.000 21.920 5.726 -23.000 20.090 9.008 -23.000
3 16 20.090 9.008 -23.000 23.334 11.726 -23.000 24.595 8.823 -23.000
3 16 12.629 4.897 -23.000 16.500 6.721 -23.000 18.873 3.008 -23.000
3 16 18.873 3.008 -23.000 15.500 0.721 -23.000 12.629 4.897 -23.000
3 16 8.540 3.574 -23.000 12.629 4.897 -23.000 15.500 0.721 -23.000
3 16 15.500 0.721 -23.000 11.864 -1.103 -23.000 8.540 3.574 -23.000
3 16 4.307 2.771 -23.000 8.540 3.574 -23.000 11.864 -1.103 -23.000
3 16 11.864 -1.103 -23.000 8.023 -2.426 -23.000 4.307 2.771 -23.000
3 16 0.000 2.500 -23.000 4.307 2.771 -23.000 8.023 -2.426 -23.000
3 16 8.023 -2.426 -23.000 4.046 -3.229 -23.000 0.000 2.500 -23.000
3 16 0.000 2.099 -27.621 0.000 -3.500 -23.000 4.046 -3.229 -23.000
3 16 4.046 -3.229 -23.000 4.307 2.372 -27.587 0.000 2.099 -27.621
3 16 4.307 2.372 -27.587 4.046 -3.229 -23.000 8.023 -2.426 -23.000
3 16 8.023 -2.426 -23.000 8.540 3.182 -27.488 4.307 2.372 -27.587
3 16 8.540 3.182 -27.488 8.023 -2.426 -23.000 11.864 -1.103 -23.000
3 16 8.540 3.182 -27.488 11.864 -1.103 -23.000 12.629 4.516 -27.324
3 16 12.629 4.516 -27.324 11.864 -1.103 -23.000 15.500 0.721 -23.000
3 16 12.629 4.516 -27.324 15.500 0.721 -23.000 16.500 6.355 -27.098
3 16 16.500 6.355 -27.098 15.500 0.721 -23.000 18.873 3.008 -23.000
3 16 16.500 6.355 -27.098 18.873 3.008 -23.000 20.090 8.661 -26.815
3 16 18.873 3.008 -23.000 21.920 5.726 -23.000 20.090 8.661 -26.815
3 16 20.090 8.661 -26.815 21.920 5.726 -23.000 23.334 11.402 -26.479
3 16 23.334 11.402 -26.479 21.920 5.726 -23.000 24.595 8.823 -23.000
3 16 23.334 11.402 -26.479 24.595 8.823 -23.000 26.182 14.524 -26.095
3 16 26.182 14.524 -26.095 24.595 8.823 -23.000 26.846 12.250 -23.000
3 16 26.182 14.524 -26.095 26.846 12.250 -23.000 28.578 17.980 -25.671
3 16 28.578 17.980 -25.671 26.846 12.250 -23.000 28.641 15.945 -23.000
3 16 28.578 17.980 -25.671 28.641 15.945 -23.000 30.489 21.705 -25.213
3 16 30.489 21.945 -23.000 30.489 21.945 -22.000 31.875 25.848 -22.000
3 16 30.733 22.588 -23.593 30.489 21.945 -23.000 31.875 25.848 -22.000
3 16 30.825 22.766 -24.264 30.733 22.588 -23.593 31.875 25.848 -22.000
3 16 31.875 25.848 -22.000 31.875 25.884 -26.715 30.825 22.766 -24.264
3 16 30.825 22.766 -24.264 31.875 25.884 -26.715 30.720 22.395 -24.905
3 16 30.720 22.395 -24.905 31.875 25.884 -26.715 30.489 21.705 -25.213
3 16 -30.489 21.945 -22.000 -28.578 18.250 -22.000 -28.578 18.250 -23.000
3 16 -28.578 18.250 -23.000 -30.489 21.945 -23.000 -30.489 21.945 -22.000
3 16 -28.578 18.250 -22.000 -26.182 14.823 -22.000 -26.182 14.823 -23.000
3 16 -26.182 14.823 -23.000 -28.578 18.250 -23.000 -28.578 18.250 -22.000
3 16 -26.182 14.823 -22.000 -23.334 11.726 -22.000 -23.334 11.726 -23.000
3 16 -23.334 11.726 -23.000 -26.182 14.823 -23.000 -26.182 14.823 -22.000
3 16 -23.334 11.726 -23.000 -23.334 11.726 -22.000 -20.090 9.008 -23.000
3 16 23.334 11.726 -23.000 20.090 9.008 -23.000 23.334 11.726 -22.000
3 16 23.334 11.726 -23.000 23.334 11.726 -22.000 26.182 14.823 -22.000
3 16 26.182 14.823 -22.000 26.182 14.823 -23.000 23.334 11.726 -23.000
3 16 26.182 14.823 -22.000 28.578 18.250 -22.000 28.578 18.250 -23.000
3 16 28.578 18.250 -23.000 26.182 14.823 -23.000 26.182 14.823 -22.000
3 16 28.578 18.250 -23.000 28.578 18.250 -22.000 30.489 21.945 -22.000
3 16 30.489 21.945 -22.000 30.489 21.945 -23.000 28.578 18.250 -23.000
3 16 0.000 -8.000 -22.000 -5.090 -7.690 -22.000 -4.570 0.648 -29.814
3 16 -4.570 0.648 -29.814 0.000 0.357 -29.850 0.000 -8.000 -22.000
3 16 -5.090 -7.690 -22.000 -10.093 -6.772 -22.000 -4.570 0.648 -29.814
3 16 -10.093 -6.772 -22.000 -9.058 1.508 -29.708 -4.570 0.648 -29.814
3 16 -10.093 -6.772 -22.000 -14.925 -5.260 -22.000 -9.058 1.508 -29.708
3 16 -14.925 -5.260 -22.000 -13.395 2.926 -29.534 -9.058 1.508 -29.708
3 16 -14.925 -5.260 -22.000 -19.500 -3.176 -22.000 -13.395 2.926 -29.534
3 16 -19.500 -3.176 -22.000 -17.500 4.879 -29.294 -13.395 2.926 -29.534
3 16 -19.500 -3.176 -22.000 -23.743 -0.562 -22.000 -17.500 4.879 -29.294
3 16 -23.743 -0.562 -22.000 -21.308 7.329 -28.994 -17.500 4.879 -29.294
3 16 -23.743 -0.562 -22.000 -27.577 2.544 -22.000 -21.308 7.329 -28.994
3 16 -21.308 7.329 -28.994 -27.577 2.544 -22.000 -30.943 6.083 -22.000
3 16 -30.943 6.083 -22.000 -24.749 10.242 -28.636 -21.308 7.329 -28.994
3 16 -30.943 6.083 -22.000 -33.774 10.000 -22.000 -27.769 13.559 -28.229
3 16 -27.769 13.559 -28.229 -24.749 10.242 -28.636 -30.943 6.083 -22.000
3 16 -33.774 10.000 -22.000 -36.032 14.223 -22.000 -30.310 17.231 -27.778
3 16 -30.310 17.231 -27.778 -27.769 13.559 -28.229 -33.774 10.000 -22.000
3 16 -36.032 14.223 -22.000 -37.670 18.683 -22.000 -32.337 21.189 -27.292
3 16 -32.337 21.189 -27.292 -30.310 17.231 -27.778 -36.032 14.223 -22.000
3 16 -37.670 18.683 -22.000 -38.665 23.302 -22.000 -33.807 25.370 -26.778
3 16 -33.807 25.370 -26.778 -32.337 21.189 -27.292 -37.670 18.683 -22.000
3 16 -38.665 23.302 -22.000 -39.000 28.000 -22.000 -34.699 29.700 -26.247
3 16 -34.699 29.700 -26.247 -33.807 25.370 -26.778 -38.665 23.302 -22.000
3 16 -39.000 28.000 -22.000 -40.000 48.000 -22.000 -34.699 29.700 -26.247
3 16 -35.000 34.104 -25.706 -34.699 29.700 -26.247 -40.000 48.000 -22.000
3 16 -40.000 48.000 -22.000 -36.000 48.000 -24.000 -35.000 34.104 -25.706
3 16 -40.000 48.000 -22.000 -34.000 48.000 -22.000 -34.000 48.000 -24.000
3 16 -34.000 48.000 -24.000 -36.000 48.000 -24.000 -40.000 48.000 -22.000
3 16 -33.000 48.000 0.000 -40.000 48.000 0.000 -40.000 24.000 0.000
3 16 -40.000 24.000 0.000 -36.000 24.000 0.000 -33.000 48.000 0.000
3 16 -33.000 48.000 0.000 -36.000 24.000 0.000 -33.000 24.000 0.000
3 16 -33.000 12.000 0.000 -33.000 24.000 0.000 -36.000 24.000 0.000
3 16 -36.000 24.000 0.000 -36.000 12.000 0.000 -33.000 12.000 0.000
3 16 -40.000 48.000 -20.000 -40.000 8.000 -20.000 -40.000 24.000 0.000
3 16 -40.000 24.000 0.000 -40.000 48.000 0.000 -40.000 48.000 -20.000
3 16 -40.000 8.000 -20.000 -40.000 48.000 -20.000 -39.000 28.000 -20.000
3 16 -40.000 8.000 -20.000 -39.000 28.000 -20.000 -32.328 8.000 -20.000
3 16 33.000 34.104 -25.706 33.000 34.000 -22.000 34.000 48.000 -22.000
3 16 34.000 48.000 -22.000 34.000 48.000 -24.000 33.000 34.104 -25.706
3 16 5.090 -7.690 -22.000 0.000 -8.000 -22.000 0.000 0.357 -29.850
3 16 0.000 0.357 -29.850 4.568 0.648 -29.814 5.090 -7.690 -22.000
3 16 5.090 -7.690 -22.000 4.568 0.648 -29.814 10.093 -6.772 -22.000
3 16 10.093 -6.772 -22.000 4.568 0.648 -29.814 9.058 1.508 -29.708
3 16 10.093 -6.772 -22.000 9.058 1.508 -29.708 14.925 -5.260 -22.000
3 16 14.925 -5.260 -22.000 9.058 1.508 -29.708 13.395 2.926 -29.534
3 16 14.925 -5.260 -22.000 13.395 2.926 -29.534 19.500 -3.176 -22.000
3 16 19.500 -3.176 -22.000 13.395 2.926 -29.534 17.500 4.879 -29.294
3 16 19.500 -3.176 -22.000 17.500 4.879 -29.294 23.743 -0.562 -22.000
3 16 23.743 -0.562 -22.000 17.500 4.879 -29.294 21.308 7.329 -28.994
3 16 23.743 -0.562 -22.000 21.308 7.329 -28.994 27.577 2.544 -22.000
3 16 27.577 2.544 -22.000 21.308 7.329 -28.994 24.749 10.242 -28.636
3 16 24.749 10.242 -28.636 30.943 6.083 -22.000 27.577 2.544 -22.000
3 16 33.774 10.000 -22.000 30.943 6.083 -22.000 24.749 10.242 -28.636
3 16 24.749 10.242 -28.636 27.769 13.559 -28.229 33.774 10.000 -22.000
3 16 36.032 14.223 -22.000 33.774 10.000 -22.000 27.769 13.559 -28.229
3 16 27.769 13.559 -28.229 30.310 17.231 -27.778 36.032 14.223 -22.000
3 16 37.670 18.683 -22.000 36.032 14.223 -22.000 30.310 17.231 -27.778
3 16 30.310 17.231 -27.778 32.337 21.189 -27.292 37.670 18.683 -22.000
3 16 38.665 23.302 -22.000 37.670 18.683 -22.000 32.337 21.189 -27.292
3 16 32.337 21.189 -27.292 33.807 25.370 -26.778 38.665 23.302 -22.000
3 16 39.000 28.000 -22.000 38.665 23.302 -22.000 33.807 25.370 -26.778
3 16 33.807 25.370 -26.778 34.699 29.700 -26.247 39.000 28.000 -22.000
3 16 39.000 28.000 -22.000 34.699 29.700 -26.247 40.000 48.000 -22.000
3 16 35.000 34.104 -25.706 40.000 48.000 -22.000 34.699 29.700 -26.247
3 16 40.000 48.000 -22.000 35.000 34.104 -25.706 36.000 48.000 -24.000
3 16 34.000 48.000 -22.000 40.000 48.000 -22.000 36.000 48.000 -24.000
3 16 36.000 48.000 -24.000 34.000 48.000 -24.000 34.000 48.000 -22.000
3 16 40.000 48.000 0.000 33.000 48.000 0.000 36.000 24.000 0.000
3 16 36.000 24.000 0.000 40.000 24.000 0.000 40.000 48.000 0.000
3 16 33.000 48.000 0.000 33.000 24.000 0.000 36.000 24.000 0.000
3 16 36.000 24.000 0.000 33.000 24.000 0.000 33.000 12.000 0.000
3 16 33.000 12.000 0.000 36.000 12.000 0.000 36.000 24.000 0.000
3 16 40.000 24.000 0.000 40.000 8.000 -20.000 40.000 48.000 -20.000
3 16 40.000 48.000 -20.000 40.000 48.000 0.000 40.000 24.000 0.000
3 16 40.000 8.000 -20.000 39.000 28.000 -20.000 40.000 48.000 -20.000
3 16 40.000 8.000 -20.000 32.328 8.000 -20.000 39.000 28.000 -20.000
2 24 40.000 24.000 20.000 -40.000 24.000 20.000
2 24 -20.000 0.000 0.000 -20.000 8.000 0.000
2 24 -20.000 12.000 1.000 -23.334 11.726 0.000
2 24 -20.000 12.000 1.000 -20.000 24.000 1.000
2 24 -20.000 24.000 1.000 -23.334 24.000 0.000
2 24 -32.000 24.000 -4.000 -31.000 24.000 0.000
2 24 -32.000 24.000 -2.000 -33.000 24.000 0.000
2 24 -32.000 24.000 -4.000 -32.000 24.000 -2.000
2 24 -31.000 11.726 0.000 -32.000 11.726 -4.000
2 24 -31.000 24.000 0.000 -31.000 11.726 0.000
2 24 -23.334 24.000 0.000 -31.000 24.000 0.000
2 24 -16.500 8.000 0.000 -23.334 11.726 0.000
2 24 0.000 20.000 6.000 1.500 20.000 6.298
2 24 0.000 20.000 6.000 -1.500 20.000 6.298
2 24 -1.500 20.000 4.000 1.500 20.000 4.000
2 24 -20.000 20.000 6.000 -18.500 20.000 6.298
2 24 -20.000 20.000 6.000 -21.500 20.000 6.298
2 24 -21.500 20.000 4.000 -18.500 20.000 4.000
2 24 20.000 20.000 6.000 21.500 20.000 6.298
2 24 20.000 20.000 6.000 18.500 20.000 6.298
2 24 18.500 20.000 4.000 21.500 20.000 4.000
2 24 0.000 20.000 14.000 -1.500 20.000 13.702
2 24 0.000 20.000 14.000 1.500 20.000 13.702
2 24 1.500 20.000 16.000 -1.500 20.000 16.000
2 24 20.000 20.000 14.000 18.500 20.000 13.702
2 24 20.000 20.000 14.000 21.500 20.000 13.702
2 24 21.500 20.000 16.000 18.500 20.000 16.000
2 24 -20.000 20.000 14.000 -21.500 20.000 13.702
2 24 -20.000 20.000 14.000 -18.500 20.000 13.702
2 24 -18.500 20.000 16.000 -21.500 20.000 16.000
2 24 -40.000 24.000 0.000 -36.000 24.000 0.000
2 24 -40.000 8.000 20.000 -40.000 8.000 -20.000
2 24 -40.000 24.000 20.000 -40.000 24.000 0.000
2 24 -40.000 8.000 20.000 -40.000 24.000 20.000
2 24 40.000 24.000 0.000 36.000 24.000 0.000
2 24 40.000 8.000 20.000 -40.000 8.000 20.000
2 24 40.000 8.000 -20.000 40.000 8.000 20.000
2 24 40.000 24.000 20.000 40.000 8.000 20.000
2 24 40.000 24.000 0.000 40.000 24.000 20.000
2 24 33.000 34.000 -22.000 32.716 29.889 -22.000
2 24 30.489 21.705 -25.213 28.578 17.980 -25.671
2 24 28.578 17.980 -25.671 26.182 14.524 -26.095
2 24 26.182 14.524 -26.095 23.334 11.402 -26.479
2 24 23.334 11.402 -26.479 20.090 8.661 -26.815
2 24 20.090 8.661 -26.815 16.500 6.355 -27.098
2 24 16.500 6.355 -27.098 12.629 4.516 -27.324
2 24 12.629 4.516 -27.324 8.540 3.182 -27.488
2 24 8.540 3.182 -27.488 4.307 2.372 -27.587
2 24 4.307 2.372 -27.587 0.000 2.099 -27.621
2 24 0.000 2.099 -27.621 -4.307 2.372 -27.587
2 24 -4.307 2.372 -27.587 -8.540 3.182 -27.488
2 24 -8.540 3.182 -27.488 -12.629 4.516 -27.324
2 24 -12.629 4.516 -27.324 -16.500 6.355 -27.098
2 24 -16.500 6.355 -27.098 -20.090 8.661 -26.815
2 24 -20.090 8.661 -26.815 -23.334 11.402 -26.479
2 24 -23.334 11.402 -26.479 -26.182 14.524 -26.095
2 24 -26.182 14.524 -26.095 -28.578 17.980 -25.671
2 24 -28.578 17.980 -25.671 -30.489 21.706 -25.214
2 24 -32.716 29.889 -22.000 -33.000 34.000 -22.000
2 24 -40.000 48.000 -22.000 -36.000 48.000 -24.000
2 24 -34.000 48.000 -24.000 -34.000 48.000 -22.000
2 24 -34.000 48.000 -22.000 -33.000 34.000 -22.000
2 24 -34.000 48.000 -22.000 -36.000 48.000 -18.000
2 24 -36.000 48.000 -18.000 -36.000 48.000 -4.000
2 24 -36.000 48.000 -4.000 -32.000 48.000 -4.000
2 24 -36.000 11.726 -4.000 -36.000 48.000 -4.000
2 24 -32.000 48.000 -2.000 -33.000 48.000 0.000
2 24 -32.000 48.000 -4.000 -32.000 48.000 -2.000
2 24 -32.000 48.000 -4.000 -32.000 24.000 -4.000
2 24 -33.000 48.000 0.000 -33.000 24.000 0.000
2 24 -36.000 42.000 -8.000 -36.000 11.726 -8.000
2 24 -30.733 22.588 -23.431 -30.489 21.945 -23.000
2 24 -30.733 22.588 -23.431 -30.825 22.766 -24.170
2 24 -30.720 22.395 -24.874 -30.825 22.766 -24.170
2 24 -30.720 22.395 -24.874 -30.489 21.706 -25.214
2 24 -36.000 42.000 -12.000 -36.000 11.726 -12.000
2 24 -36.000 48.000 -18.000 -36.000 11.726 -18.000
2 24 -32.716 29.889 -22.000 -31.875 25.848 -22.000
2 24 -31.875 25.848 -22.000 -30.489 21.945 -22.000
2 24 -30.489 21.945 -22.000 -28.578 18.250 -22.000
2 24 -28.578 18.250 -22.000 -26.182 14.823 -22.000
2 24 -26.182 14.823 -22.000 -23.334 11.726 -22.000
2 24 -23.334 11.726 -23.000 -20.090 9.008 -23.000
2 24 -20.090 9.008 -23.000 -16.500 6.721 -23.000
2 24 -16.500 6.721 -23.000 -12.629 4.897 -23.000
2 24 -12.629 4.897 -23.000 -8.540 3.574 -23.000
2 24 -8.540 3.574 -23.000 -4.307 2.771 -23.000
2 24 -4.307 2.771 -23.000 0.000 2.500 -23.000
2 24 -16.500 8.000 0.000 -20.000 8.000 0.000
2 24 -10.000 4.046 -4.000 -10.000 4.046 -16.000
2 24 -16.500 6.721 -4.000 -16.500 6.721 -16.000
2 24 -33.000 48.000 0.000 -40.000 48.000 0.000
2 24 -40.000 48.000 0.000 -40.000 48.000 -20.000
2 24 -40.000 48.000 -20.000 -40.000 8.000 -20.000
2 24 -40.000 48.000 0.000 -40.000 24.000 0.000
2 24 -40.000 8.000 -20.000 -20.000 8.000 -20.000
2 24 -20.000 8.000 -2.000 -20.000 8.000 0.000
2 24 -20.000 7.000 -4.000 -20.000 8.000 -2.000
2 24 -22.000 8.000 -16.000 -22.000 8.000 -4.000
2 24 -20.000 8.000 -18.000 -20.000 7.000 -16.000
2 24 -20.000 8.000 -20.000 -20.000 8.000 -18.000
2 24 -23.334 11.726 -22.000 -23.334 11.726 0.000
2 24 -23.334 11.726 0.000 -31.000 11.726 0.000
2 24 -32.000 11.726 -4.000 -36.000 11.726 -4.000
2 24 -36.000 11.726 -4.000 -36.000 11.726 -8.000
2 24 -36.000 11.726 -8.000 -23.334 11.726 -8.000
2 24 -23.334 11.726 -12.000 -36.000 11.726 -12.000
2 24 -36.000 11.726 -12.000 -36.000 11.726 -18.000
2 24 -36.000 11.726 -18.000 -26.334 11.726 -18.000
2 24 40.000 48.000 -22.000 36.000 48.000 -24.000
2 24 34.000 48.000 -24.000 34.000 48.000 -22.000
2 24 34.000 48.000 -22.000 33.000 34.000 -22.000
2 24 0.000 0.000 -20.000 -20.000 0.000 -20.000
2 24 20.000 0.000 -20.000 0.000 0.000 -20.000
2 24 33.000 48.000 0.000 40.000 48.000 0.000
2 24 40.000 48.000 0.000 40.000 48.000 -20.000
2 24 40.000 48.000 -20.000 40.000 8.000 -20.000
2 24 40.000 48.000 0.000 40.000 24.000 0.000
2 24 33.000 48.000 0.000 33.000 24.000 0.000
2 24 -23.334 11.726 -8.000 -23.334 11.726 0.000
2 24 12.629 4.897 -4.000 16.500 6.721 -4.000
2 24 31.000 24.000 0.000 31.000 11.726 0.000
2 24 36.000 11.726 -4.000 32.000 11.726 -4.000
2 24 -22.000 8.000 -16.000 -20.000 8.000 -18.000
2 24 26.182 14.823 -22.000 28.578 18.250 -22.000
2 24 11.864 -1.103 -23.000 8.023 -2.426 -23.000
2 24 31.578 18.250 -18.000 33.489 21.945 -18.000
2 24 -12.629 4.897 -4.000 -10.000 4.046 -4.000
2 24 29.182 14.823 -18.000 31.578 18.250 -18.000
2 24 26.334 11.726 -18.000 29.182 14.823 -18.000
2 24 -24.595 8.823 -23.000 -26.846 12.250 -23.000
2 24 -16.500 6.721 -16.000 -16.500 4.000 -16.000
2 24 12.629 6.176 0.000 8.540 4.853 0.000
2 24 10.000 4.046 -4.000 12.629 4.897 -4.000
2 24 23.334 11.726 -22.000 26.182 14.823 -22.000
2 24 30.489 21.945 -22.000 31.875 25.848 -22.000
2 24 26.334 11.726 -18.000 23.334 11.726 -22.000
2 24 34.875 25.848 -18.000 35.716 29.889 -18.000
2 24 8.540 4.853 0.000 4.307 4.050 0.000
2 24 8.023 -2.426 -23.000 4.046 -3.229 -23.000
2 24 10.000 4.046 -16.000 16.500 4.000 -16.000
2 24 4.307 2.771 -23.000 8.540 3.574 -23.000
2 24 32.716 29.889 -22.000 31.875 25.848 -22.000
2 24 20.000 8.000 -20.000 20.000 8.000 -18.000
2 24 32.000 48.000 -2.000 32.000 24.000 -2.000
2 24 4.307 2.771 -4.000 0.000 2.500 -4.000
2 24 -20.000 8.000 -2.000 -22.000 8.000 -4.000
2 24 20.000 24.000 1.000 23.334 24.000 0.000
2 24 16.500 6.721 -4.000 16.500 4.000 -4.000
2 24 4.046 -3.229 -23.000 0.000 -3.500 -23.000
2 24 16.500 6.721 -4.000 16.500 6.721 -16.000
2 24 16.500 4.000 -16.000 16.500 4.000 -4.000
2 24 36.000 48.000 -4.000 36.000 11.726 -4.000
2 24 -8.023 -2.426 -23.000 -11.864 -1.103 -23.000
2 24 -23.334 11.726 -22.000 -23.334 11.726 -12.000
2 24 23.334 11.726 0.000 23.334 11.726 -8.000
2 24 15.500 0.721 -23.000 11.864 -1.103 -23.000
2 24 -16.500 4.000 -4.000 -16.500 4.000 -16.000
2 24 32.000 24.000 -2.000 32.000 24.000 -4.000
2 24 33.000 24.000 0.000 32.000 24.000 -2.000
2 24 -12.629 4.897 -16.000 -16.500 6.721 -16.000
2 24 -21.920 5.726 -23.000 -24.595 8.823 -23.000
2 24 20.000 9.000 -19.520 16.500 6.721 -16.000
2 24 26.846 12.250 -23.000 24.595 8.823 -23.000
2 24 -16.500 4.000 -4.000 -16.500 6.721 -4.000
2 24 20.000 8.000 -2.000 20.000 7.000 -4.000
2 24 20.000 8.000 -18.000 22.000 8.000 -16.000
2 24 34.000 48.000 -22.000 36.000 48.000 -18.000
2 24 35.716 29.889 -18.000 36.000 34.000 -18.000
2 24 20.000 8.000 0.000 20.000 0.000 0.000
2 24 32.000 24.000 -4.000 31.000 24.000 0.000
2 24 23.334 11.726 0.000 16.500 8.000 0.000
2 24 30.143 19.848 -23.000 28.641 15.945 -23.000
2 24 -20.000 7.000 -4.000 -20.000 7.000 -16.000
2 24 33.000 12.000 0.000 36.000 12.000 0.000
2 24 -16.500 6.721 -16.000 -20.000 9.000 -19.520
2 24 20.000 7.000 -4.000 20.000 7.000 -16.000
2 24 32.000 24.000 -4.000 32.000 48.000 -4.000
2 24 -32.000 24.000 -4.000 -32.000 11.726 -4.000
2 24 20.000 12.000 1.000 23.334 11.726 0.000
2 24 36.000 11.726 -18.000 26.334 11.726 -18.000
2 24 14.000 8.000 1.000 -14.000 8.000 1.000
2 24 30.733 22.588 -23.593 30.825 22.766 -24.264
2 24 32.000 11.726 -4.000 32.000 24.000 -4.000
2 24 -18.873 3.008 -23.000 -21.920 5.726 -23.000
2 24 31.000 11.726 0.000 32.000 11.726 -4.000
2 24 -23.334 11.726 -22.000 -26.334 11.726 -18.000
2 24 20.000 8.000 -2.000 20.000 8.000 0.000
2 24 -15.500 0.721 -23.000 -18.873 3.008 -23.000
2 24 -32.000 24.000 -2.000 -32.000 48.000 -2.000
2 24 22.000 8.000 -4.000 20.000 8.000 -2.000
2 24 32.000 48.000 -4.000 32.000 48.000 -2.000
2 24 24.595 8.823 -23.000 21.920 5.726 -23.000
2 24 -20.000 24.000 1.000 20.000 24.000 1.000
2 24 -26.846 12.250 -23.000 -28.641 15.945 -23.000
2 24 -11.864 -1.103 -23.000 -15.500 0.721 -23.000
2 24 23.334 11.726 -22.000 23.334 11.726 -12.000
2 24 4.307 4.050 0.000 0.000 3.779 0.000
2 24 10.000 4.046 -4.000 10.000 4.046 -16.000
2 24 20.090 9.008 -23.000 16.500 6.721 -23.000
2 24 22.000 8.000 -16.000 22.000 8.000 -4.000
2 24 12.629 4.897 -16.000 10.000 4.046 -16.000
2 24 28.578 18.250 -22.000 30.489 21.945 -22.000
2 24 36.000 48.000 -4.000 32.000 48.000 -4.000
2 24 20.000 12.000 1.000 20.000 24.000 1.000
2 24 16.500 8.000 0.000 12.629 6.176 0.000
2 24 0.000 2.500 -23.000 4.307 2.771 -23.000
2 24 10.000 4.046 -4.000 8.540 3.574 -4.000
2 24 20.000 8.000 0.000 16.500 8.000 0.000
2 24 36.000 48.000 -18.000 36.000 48.000 -4.000
2 24 -36.000 12.000 0.000 -33.000 12.000 0.000
2 24 32.000 48.000 -2.000 33.000 48.000 0.000
2 24 31.000 24.000 0.000 23.334 24.000 0.000
2 24 -4.046 -3.229 -23.000 -8.023 -2.426 -23.000
2 24 -14.000 8.000 1.000 -16.500 8.000 0.000
2 24 28.641 15.945 -23.000 26.846 12.250 -23.000
2 24 16.500 4.000 -16.000 16.500 6.721 -16.000
2 24 -20.000 8.000 -20.000 -20.000 0.000 -20.000
2 24 0.000 -3.500 -23.000 -4.046 -3.229 -23.000
2 24 -30.143 19.848 -23.000 -28.641 15.945 -23.000
2 24 12.629 4.897 -23.000 16.500 6.721 -23.000
2 24 23.334 11.726 -22.000 20.000 9.000 -19.520
2 24 4.307 2.771 -4.000 8.540 3.574 -4.000
2 24 21.920 5.726 -23.000 18.873 3.008 -23.000
2 24 30.489 21.945 -23.000 30.733 22.588 -23.593
2 24 16.500 8.000 0.000 14.000 8.000 1.000
2 24 -16.500 4.000 -16.000 -10.000 4.046 -16.000
2 24 20.000 0.000 -20.000 20.000 8.000 -20.000
2 24 -10.000 4.046 -16.000 -12.629 4.897 -16.000
2 24 23.334 11.726 0.000 31.000 11.726 0.000
2 24 -20.000 9.000 -19.520 -23.334 11.726 -22.000
2 24 -10.000 4.046 -4.000 -16.500 4.000 -4.000
2 24 30.825 22.766 -24.264 30.720 22.395 -24.905
2 24 18.873 3.008 -23.000 15.500 0.721 -23.000
2 24 30.720 22.395 -24.905 30.489 21.705 -25.213
2 24 16.500 4.000 -4.000 10.000 4.046 -4.000
2 24 8.540 3.574 -23.000 12.629 4.897 -23.000
2 24 20.000 7.000 -16.000 20.000 8.000 -18.000
2 24 16.500 6.721 -16.000 12.629 4.897 -16.000
2 24 33.489 21.945 -18.000 34.875 25.848 -18.000
2 24 20.000 8.000 -20.000 32.328 8.000 -20.000
2 24 32.328 8.000 -20.000 40.000 8.000 -20.000
2 24 23.334 11.726 -12.000 36.000 11.726 -12.000
2 24 36.000 11.726 -12.000 36.000 11.726 -18.000
2 24 36.000 11.726 -18.000 36.000 34.000 -18.000
2 24 36.000 11.726 -12.000 36.000 42.000 -12.000
2 24 36.000 42.000 -8.000 36.000 11.726 -8.000
2 24 36.000 11.726 -8.000 36.000 11.726 -4.000
2 24 36.000 11.726 -8.000 23.334 11.726 -8.000
2 24 23.334 11.726 -12.000 23.334 11.726 -8.000
2 24 30.143 19.848 -23.000 30.489 21.945 -23.000
2 24 30.489 21.945 -23.000 28.578 18.250 -23.000
2 24 28.578 18.250 -23.000 26.182 14.823 -23.000
2 24 26.182 14.823 -23.000 23.334 11.726 -23.000
2 24 23.334 11.726 -23.000 20.090 9.008 -23.000
2 24 -23.334 11.726 -23.000 -26.182 14.823 -23.000
2 24 -26.182 14.823 -23.000 -28.578 18.250 -23.000
2 24 -28.578 18.250 -23.000 -30.489 21.945 -23.000
2 24 -30.143 19.848 -23.000 -30.489 21.945 -23.000
1 16 0.0000 0.0000 -10.0000 -1.0000 0.0000 0.0000 0.0000 1.0000 0.0000 0.0000 0.0000 -1.0000 stug-1x2.dat
1 16 0.0000 8.0000 10.0000 -1.0000 0.0000 0.0000 0.0000 1.0000 0.0000 0.0000 0.0000 -1.0000 stug-1x4.dat
1 16 0.0000 0.0000 -10.0000 20.0000 0.0000 0.0000 0.0000 1.0000 0.0000 0.0000 0.0000 10.0000 rect3.dat
1 16 0.0000 35.2790 0.0000 0.0000 0.0000 -33.0000 -31.5000 0.0000 0.0000 0.0000 -1.0000 0.0000 1-12tndis.dat
1 16 0.0000 35.2790 0.0000 0.0000 0.0000 33.0000 -31.5000 0.0000 0.0000 0.0000 -1.0000 0.0000 1-12tndis.dat
1 16 0.0000 18.0000 0.0000 0.0000 0.0000 33.0000 6.0000 0.0000 0.0000 0.0000 4.0000 0.0000 box3u2p.dat
0 BFC INVERTNEXT
1 16 0.0000 18.0000 0.0000 0.0000 0.0000 36.0000 6.0000 0.0000 0.0000 0.0000 16.0000 0.0000 box3u2p.dat
1 16 0.0000 12.0000 10.0000 1.0000 0.0000 0.0000 0.0000 -3.0000 0.0000 0.0000 0.0000 1.0000 stug3-1x3.dat
1 16 0.0000 12.0000 5.1500 0.0000 0.0000 -1.5000 0.0000 8.0000 0.0000 1.1500 0.0000 0.0000 box3u4p.dat
1 16 -20.0000 12.0000 5.1500 0.0000 0.0000 -1.5000 0.0000 8.0000 0.0000 1.1500 0.0000 0.0000 box3u4p.dat
1 16 20.0000 12.0000 5.1500 0.0000 0.0000 -1.5000 0.0000 8.0000 0.0000 1.1500 0.0000 0.0000 box3u4p.dat
1 16 0.0000 12.0000 14.8500 0.0000 0.0000 1.5000 0.0000 8.0000 0.0000 -1.1500 0.0000 0.0000 box3u4p.dat
1 16 20.0000 12.0000 14.8500 0.0000 0.0000 1.5000 0.0000 8.0000 0.0000 -1.1500 0.0000 0.0000 box3u4p.dat
1 16 -20.0000 12.0000 14.8500 0.0000 0.0000 1.5000 0.0000 8.0000 0.0000 -1.1500 0.0000 0.0000 box3u4p.dat
1 16 0.0000 28.0000 -22.0000 -39.0000 0.0000 0.0000 0.0000 0.0000 -36.0000 0.0000 2.0000 0.0000 2-4cylo.dat
1 16 0.0000 34.1040 -25.7060 35.0000 0.0000 0.0000 0.0000 -1.0000 -33.7500 0.0000 0.0000 -4.1400 2-4edge.dat
1 16 0.0000 34.1040 -25.7060 2.0600 0.0000 0.0000 0.0000 -1.0000 -1.9900 0.0000 0.0000 -0.2400 2-4rin16.dat
1 16 0.0000 34.1040 -25.7060 33.0000 0.0000 0.0000 0.0000 -1.0000 -31.7600 0.0000 0.0000 -3.9000 2-4edge.dat
1 16 -34.5000 41.0522 -24.8531 -1.0000 0.0000 -0.5000 0.0000 0.0000 6.9500 0.0000 1.0000 0.8500 rect3.dat
1 16 -39.5000 38.0000 -21.0000 0.0000 1.0000 -0.5000 0.0000 0.0000 10.0000 1.0000 0.0000 0.0000 rect3.dat
1 16 0.0000 34.0000 -8.0000 -33.0000 0.0000 0.0000 0.0000 0.0000 -31.5000 0.0000 -1.0000 0.0000 1-8tndis.dat
1 16 0.0000 34.0000 -12.0000 -33.0000 0.0000 0.0000 0.0000 0.0000 -31.5000 0.0000 1.0000 0.0000 1-8tndis.dat
0 BFC INVERTNEXT
1 16 0.0000 34.0000 -8.0000 -33.0000 0.0000 0.0000 0.0000 0.0000 -31.5000 0.0000 -4.0000 0.0000 1-8cylo.dat
1 16 -3.0000 34.0000 -18.0000 -33.0000 0.0000 0.0000 0.0000 0.0000 -31.5000 0.0000 -1.0000 0.0000 1-8tndis.dat
1 16 -34.7500 40.7500 -10.0000 0.0000 -1.0000 1.2500 0.0000 0.0000 -1.2500 2.0000 0.0000 0.0000 rect.dat
1 16 -33.2500 36.7500 -10.0000 -0.2499 -1.0040 0.0000 2.7487 -0.0009 0.0000 0.0000 0.0000 2.0000 rect2p.dat
1 16 0.0000 34.0000 -8.0000 33.0000 0.0000 0.0000 0.0000 0.0000 -31.5000 0.0000 -1.0000 0.0000 1-8tndis.dat
1 16 0.0000 34.0000 -12.0000 33.0000 0.0000 0.0000 0.0000 0.0000 -31.5000 0.0000 1.0000 0.0000 1-8tndis.dat
0 BFC INVERTNEXT
1 16 0.0000 34.0000 -8.0000 33.0000 0.0000 0.0000 0.0000 0.0000 -31.5000 0.0000 -4.0000 0.0000 1-8cylo.dat
1 16 3.0000 34.0000 -18.0000 33.0000 0.0000 0.0000 0.0000 0.0000 -31.5000 0.0000 -1.0000 0.0000 1-8tndis.dat
1 16 34.7500 40.7500 -10.0000 0.0000 1.0000 -1.2500 0.0000 0.0000 -1.2500 2.0000 0.0000 0.0000 rect.dat
1 16 33.2500 36.7500 -10.0000 0.2499 1.0040 0.0000 2.7487 -0.0009 0.0000 0.0000 0.0000 2.0000 rect2p.dat
1 16 -3.0000 34.0000 -18.0000 -33.0000 0.0000 0.0000 0.0000 0.0000 -31.5000 0.0000 -1.0000 0.0000 1-8edge.dat
1 16 0.0000 34.0000 -4.0000 0.0000 0.0000 -33.0000 -31.5000 0.0000 0.0000 0.0000 1.0000 0.0000 1-12edge.dat
1 16 0.0000 35.2790 0.0000 0.0000 0.0000 -33.0000 -31.5000 0.0000 0.0000 0.0000 1.0000 0.0000 1-12edge.dat
1 16 -30.0000 8.0000 -10.0000 -1.0000 0.0000 0.0000 0.0000 1.0000 0.0000 0.0000 0.0000 -1.0000 stud2.dat
1 16 34.5000 41.0522 -24.8531 -1.0000 0.0000 0.5000 0.0000 0.0000 6.9500 0.0000 1.0000 0.8500 rect3.dat
1 16 39.5000 38.0000 -21.0000 0.0000 -1.0000 0.5000 0.0000 0.0000 10.0000 -1.0000 0.0000 0.0000 rect3.dat
1 16 30.0000 8.0000 -10.0000 -1.0000 0.0000 0.0000 0.0000 1.0000 0.0000 0.0000 0.0000 -1.0000 stud2.dat
