0 FILE 67196.dat
0 Bracelet with 1 x 14 Studs and 5 Holes
0 Name:  67196.dat
0 Author:  
0 BL_Item_No 67196
0 BFC CERTIFY CCW
1 16 0.0000 0.0000 -10.0000 0.0000 0.0000 1.0000 0.0000 1.0000 0.0000 -1.0000 0.0000 0.0000 stud.dat
1 16 0.0000 2.2500 -16.0000 14.0000 0.0000 0.0000 0.0000 0.0000 2.2500 0.0000 12.0000 0.0000 box4o8a.dat
1 16 0.0000 2.2500 -4.0000 14.0000 0.0000 0.0000 0.0000 0.0000 2.2500 0.0000 8.0000 0.0000 box4o8a.dat
1 16 0.0000 0.0000 -30.0000 0.0000 0.0000 1.0000 0.0000 1.0000 0.0000 -1.0000 0.0000 0.0000 stud.dat
1 16 0.0000 2.2500 -36.0000 14.0000 0.0000 0.0000 0.0000 0.0000 2.2500 0.0000 12.0000 0.0000 box4o8a.dat
1 16 0.0000 2.2500 -24.0000 14.0000 0.0000 0.0000 0.0000 0.0000 2.2500 0.0000 8.0000 0.0000 box4o8a.dat
1 16 0.0000 0.0000 -50.0000 0.0000 0.0000 1.0000 0.0000 1.0000 0.0000 -1.0000 0.0000 0.0000 stud.dat
1 16 0.0000 2.2500 -56.0000 14.0000 0.0000 0.0000 0.0000 0.0000 2.2500 0.0000 12.0000 0.0000 box4o8a.dat
1 16 0.0000 2.2500 -44.0000 14.0000 0.0000 0.0000 0.0000 0.0000 2.2500 0.0000 8.0000 0.0000 box4o8a.dat
1 16 0.0000 0.0000 -70.0000 0.0000 0.0000 1.0000 0.0000 1.0000 0.0000 -1.0000 0.0000 0.0000 stud.dat
1 16 0.0000 2.2500 -76.0000 14.0000 0.0000 0.0000 0.0000 0.0000 2.2500 0.0000 12.0000 0.0000 box4o8a.dat
1 16 0.0000 2.2500 -64.0000 14.0000 0.0000 0.0000 0.0000 0.0000 2.2500 0.0000 8.0000 0.0000 box4o8a.dat
1 16 0.0000 0.0000 -90.0000 0.0000 0.0000 1.0000 0.0000 1.0000 0.0000 -1.0000 0.0000 0.0000 stud.dat
1 16 0.0000 2.2500 -96.0000 14.0000 0.0000 0.0000 0.0000 0.0000 2.2500 0.0000 12.0000 0.0000 box4o8a.dat
1 16 0.0000 2.2500 -84.0000 14.0000 0.0000 0.0000 0.0000 0.0000 2.2500 0.0000 8.0000 0.0000 box4o8a.dat
1 16 0.0000 0.0000 -110.0000 0.0000 0.0000 1.0000 0.0000 1.0000 0.0000 -1.0000 0.0000 0.0000 stud.dat
1 16 0.0000 2.2500 -116.0000 14.0000 0.0000 0.0000 0.0000 0.0000 2.2500 0.0000 12.0000 0.0000 box4o8a.dat
1 16 0.0000 2.2500 -104.0000 14.0000 0.0000 0.0000 0.0000 0.0000 2.2500 0.0000 8.0000 0.0000 box4o8a.dat
1 16 0.0000 0.0000 -130.0000 0.0000 0.0000 1.0000 0.0000 1.0000 0.0000 -1.0000 0.0000 0.0000 stud.dat
1 16 0.0000 2.2500 -136.0000 14.0000 0.0000 0.0000 0.0000 0.0000 2.2500 0.0000 12.0000 0.0000 box4o8a.dat
1 16 0.0000 2.2500 -124.0000 14.0000 0.0000 0.0000 0.0000 0.0000 2.2500 0.0000 8.0000 0.0000 box4o8a.dat
1 16 0.0000 0.0000 10.0000 0.0000 0.0000 1.0000 0.0000 1.0000 0.0000 -1.0000 0.0000 0.0000 stud.dat
1 16 0.0000 2.2500 4.0000 14.0000 0.0000 0.0000 0.0000 0.0000 2.2500 0.0000 12.0000 0.0000 box4o8a.dat
1 16 0.0000 2.2500 16.0000 14.0000 0.0000 0.0000 0.0000 0.0000 2.2500 0.0000 8.0000 0.0000 box4o8a.dat
1 16 0.0000 0.0000 30.0000 0.0000 0.0000 1.0000 0.0000 1.0000 0.0000 -1.0000 0.0000 0.0000 stud.dat
1 16 0.0000 2.2500 24.0000 14.0000 0.0000 0.0000 0.0000 0.0000 2.2500 0.0000 12.0000 0.0000 box4o8a.dat
1 16 0.0000 2.2500 36.0000 14.0000 0.0000 0.0000 0.0000 0.0000 2.2500 0.0000 8.0000 0.0000 box4o8a.dat
1 16 0.0000 0.0000 50.0000 0.0000 0.0000 1.0000 0.0000 1.0000 0.0000 -1.0000 0.0000 0.0000 stud.dat
1 16 0.0000 2.2500 44.0000 14.0000 0.0000 0.0000 0.0000 0.0000 2.2500 0.0000 12.0000 0.0000 box4o8a.dat
1 16 0.0000 2.2500 56.0000 14.0000 0.0000 0.0000 0.0000 0.0000 2.2500 0.0000 8.0000 0.0000 box4o8a.dat
1 16 0.0000 0.0000 70.0000 0.0000 0.0000 1.0000 0.0000 1.0000 0.0000 -1.0000 0.0000 0.0000 stud.dat
1 16 0.0000 2.2500 64.0000 14.0000 0.0000 0.0000 0.0000 0.0000 2.2500 0.0000 12.0000 0.0000 box4o8a.dat
1 16 0.0000 2.2500 76.0000 14.0000 0.0000 0.0000 0.0000 0.0000 2.2500 0.0000 8.0000 0.0000 box4o8a.dat
1 16 0.0000 0.0000 90.0000 0.0000 0.0000 1.0000 0.0000 1.0000 0.0000 -1.0000 0.0000 0.0000 stud.dat
1 16 0.0000 2.2500 84.0000 14.0000 0.0000 0.0000 0.0000 0.0000 2.2500 0.0000 12.0000 0.0000 box4o8a.dat
1 16 0.0000 2.2500 96.0000 14.0000 0.0000 0.0000 0.0000 0.0000 2.2500 0.0000 8.0000 0.0000 box4o8a.dat
1 16 0.0000 0.0000 110.0000 0.0000 0.0000 1.0000 0.0000 1.0000 0.0000 -1.0000 0.0000 0.0000 stud.dat
1 16 0.0000 2.2500 104.0000 14.0000 0.0000 0.0000 0.0000 0.0000 2.2500 0.0000 12.0000 0.0000 box4o8a.dat
1 16 0.0000 2.2500 116.0000 14.0000 0.0000 0.0000 0.0000 0.0000 2.2500 0.0000 8.0000 0.0000 box4o8a.dat
1 16 0.0000 0.0000 130.0000 0.0000 0.0000 1.0000 0.0000 1.0000 0.0000 -1.0000 0.0000 0.0000 stud.dat
1 16 0.0000 2.2500 124.0000 14.0000 0.0000 0.0000 0.0000 0.0000 2.2500 0.0000 12.0000 0.0000 box4o8a.dat
1 16 0.0000 2.2500 136.0000 14.0000 0.0000 0.0000 0.0000 0.0000 2.2500 0.0000 19.0000 0.0000 box4o8a.dat
3 16 10.253 0.000 161.868 14.000 0.000 170.500 6.487 0.000 167.900
3 16 6.487 0.000 167.900 8.132 0.000 163.990 10.253 0.000 161.868
3 16 10.253 4.500 161.868 8.132 4.500 163.990 -1.000 4.500 183.500
3 16 -1.000 4.500 183.500 14.000 4.500 170.500 10.253 4.500 161.868
3 16 7.071 4.500 162.929 0.000 4.500 160.000 -1.000 4.500 183.500
3 16 -1.000 4.500 183.500 8.132 4.500 163.990 7.071 4.500 162.929
3 16 -10.253 0.000 161.868 -8.132 0.000 163.990 -6.487 0.000 167.900
3 16 -6.487 0.000 167.900 -14.000 0.000 170.500 -10.253 0.000 161.868
3 16 -10.253 4.500 161.868 -14.000 4.500 170.500 -1.000 4.500 183.500
3 16 -1.000 4.500 183.500 -8.132 4.500 163.990 -10.253 4.500 161.868
3 16 -7.071 4.500 162.929 -8.132 4.500 163.990 -1.000 4.500 183.500
3 16 -1.000 4.500 183.500 0.000 4.500 160.000 -7.071 4.500 162.929
3 16 0.000 0.000 157.000 -13.000 0.000 157.000 -14.000 0.000 155.000
3 16 14.000 0.000 155.000 13.000 0.000 157.000 0.000 0.000 157.000
3 16 0.000 0.000 157.000 -14.000 0.000 155.000 14.000 0.000 155.000
3 16 0.000 4.500 157.000 13.000 4.500 157.000 14.000 4.500 155.000
3 16 14.000 4.500 155.000 -14.000 4.500 155.000 0.000 4.500 157.000
3 16 -13.000 4.500 157.000 0.000 4.500 157.000 -14.000 4.500 155.000
3 16 10.253 4.500 161.868 14.000 4.500 170.500 13.000 4.500 157.000
3 16 13.000 4.500 157.000 14.000 4.500 170.500 14.000 4.500 155.000
3 16 10.253 4.500 161.868 13.000 4.500 157.000 9.192 4.500 160.808
3 16 -10.253 4.500 161.868 -9.192 4.500 160.808 -13.000 4.500 157.000
3 16 -10.253 4.500 161.868 -13.000 4.500 157.000 -14.000 4.500 170.500
3 16 -14.000 4.500 170.500 -13.000 4.500 157.000 -14.000 4.500 155.000
3 16 -10.253 0.000 161.868 -14.000 0.000 170.500 -13.000 0.000 157.000
3 16 -13.000 0.000 157.000 -14.000 0.000 170.500 -14.000 0.000 155.000
3 16 -10.253 0.000 161.868 -13.000 0.000 157.000 -9.192 0.000 160.808
3 16 10.253 0.000 161.868 9.192 0.000 160.808 13.000 0.000 157.000
3 16 10.253 0.000 161.868 13.000 0.000 157.000 14.000 0.000 170.500
3 16 14.000 0.000 170.500 13.000 0.000 157.000 14.000 0.000 155.000
3 16 -1.000 4.500 183.500 1.000 4.500 183.500 14.000 4.500 170.500
3 16 -2.687 0.300 175.500 -5.374 0.300 169.013 0.000 0.300 164.500
3 16 0.000 0.300 164.500 0.000 0.300 174.387 -2.687 0.300 175.500
3 16 0.000 0.300 164.500 5.374 0.300 169.013 2.687 0.300 175.500
3 16 2.687 0.300 175.500 0.000 0.300 174.387 0.000 0.300 164.500
3 16 0.000 0.000 160.000 7.071 0.000 162.929 5.374 0.000 169.013
3 16 5.374 0.000 169.013 0.000 0.000 164.500 0.000 0.000 160.000
3 16 6.487 0.000 167.900 5.374 0.000 169.013 7.071 0.000 162.929
3 16 7.071 0.000 162.929 8.132 0.000 163.990 6.487 0.000 167.900
3 16 0.000 0.000 160.000 0.000 0.000 164.500 -5.374 0.000 169.013
3 16 -5.374 0.000 169.013 -7.071 0.000 162.929 0.000 0.000 160.000
3 16 -6.487 0.000 167.900 -8.132 0.000 163.990 -7.071 0.000 162.929
3 16 -7.071 0.000 162.929 -5.374 0.000 169.013 -6.487 0.000 167.900
3 16 -14.000 0.000 170.500 -6.487 0.000 167.900 -6.487 0.000 171.700
3 16 -14.000 0.000 170.500 -6.487 0.000 171.700 -6.487 0.000 175.500
3 16 -14.000 0.000 170.500 -6.487 0.000 175.500 -1.000 0.000 183.500
3 16 6.487 0.000 167.900 14.000 0.000 170.500 6.487 0.000 171.700
3 16 6.487 0.000 171.700 14.000 0.000 170.500 6.487 0.000 175.500
3 16 6.487 0.000 175.500 14.000 0.000 170.500 1.000 0.000 183.500
3 16 2.687 0.000 175.500 6.487 0.000 175.500 1.000 0.000 183.500
3 16 0.000 0.000 175.500 2.687 0.000 175.500 1.000 0.000 183.500
3 16 1.000 0.000 183.500 -1.000 0.000 183.500 0.000 0.000 175.500
3 16 0.000 0.000 175.500 -1.000 0.000 183.500 -2.687 0.000 175.500
3 16 -2.687 0.000 175.500 -1.000 0.000 183.500 -6.487 0.000 175.500
2 24 0.000 0.000 174.387 0.000 0.300 174.387
1 16 14.0000 2.2500 162.7500 0.0000 -1.0000 0.0000 0.0000 0.0000 2.2500 -7.7500 0.0000 0.0000 rect2p.dat
1 16 -14.0000 2.2500 162.7500 0.0000 1.0000 0.0000 0.0000 0.0000 -2.2500 -7.7500 0.0000 0.0000 rect2p.dat
1 16 -1.0000 0.0000 170.5000 -13.0000 0.0000 0.0000 0.0000 4.5000 0.0000 0.0000 0.0000 13.0000 1-4cylo.dat
1 16 0.0000 2.2500 183.5000 1.0000 0.0000 0.0000 0.0000 0.0000 -2.2500 0.0000 -1.0000 0.0000 rect2p.dat
1 16 1.0000 0.0000 170.5000 13.0000 0.0000 0.0000 0.0000 4.5000 0.0000 0.0000 0.0000 13.0000 1-4cylo.dat
1 16 -1.0000 0.0000 170.5000 -13.0000 0.0000 0.0000 0.0000 1.0000 0.0000 0.0000 0.0000 13.0000 1-4chrd.dat
1 16 1.0000 0.0000 170.5000 13.0000 0.0000 0.0000 0.0000 1.0000 0.0000 0.0000 0.0000 13.0000 1-4chrd.dat
1 16 -1.0000 4.5000 170.5000 -13.0000 0.0000 0.0000 0.0000 -1.0000 0.0000 0.0000 0.0000 13.0000 1-4chrd.dat
1 16 1.0000 4.5000 170.5000 13.0000 0.0000 0.0000 0.0000 -1.0000 0.0000 0.0000 0.0000 13.0000 1-4chrd.dat
0 BFC INVERTNEXT
1 16 -8.1317 0.0000 161.8683 1.0607 0.0000 -1.0607 0.0000 4.5000 0.0000 1.0607 0.0000 1.0607 2-4cylo.dat
1 16 -8.1317 0.0000 161.8683 1.0607 0.0000 -1.0607 0.0000 1.0000 0.0000 1.0607 0.0000 1.0607 2-4ndis.dat
1 16 -8.1317 4.5000 161.8683 1.0607 0.0000 -1.0607 0.0000 -1.0000 0.0000 1.0607 0.0000 1.0607 2-4ndis.dat
0 BFC INVERTNEXT
1 16 8.1317 0.0000 161.8683 1.0607 0.0000 1.0607 0.0000 4.5000 0.0000 -1.0607 0.0000 1.0607 2-4cylo.dat
1 16 8.1317 0.0000 161.8683 1.0607 0.0000 1.0607 0.0000 1.0000 0.0000 -1.0607 0.0000 1.0607 2-4ndis.dat
1 16 8.1317 4.5000 161.8683 1.0607 0.0000 1.0607 0.0000 -1.0000 0.0000 -1.0607 0.0000 1.0607 2-4ndis.dat
1 16 0.0000 0.0000 170.0000 0.0000 0.0000 10.0000 0.0000 4.5000 0.0000 -10.0000 0.0000 0.0000 1-8cylo.dat
0 BFC INVERTNEXT
1 16 0.0000 0.0000 170.0000 0.0000 0.0000 13.0000 0.0000 4.5000 0.0000 -13.0000 0.0000 0.0000 1-8cylo.dat
1 16 0.0000 0.0000 170.0000 0.0000 0.0000 10.0000 0.0000 1.0000 0.0000 -10.0000 0.0000 0.0000 1-8chrd.dat
1 16 0.0000 0.0000 170.0000 0.0000 0.0000 13.0000 0.0000 1.0000 0.0000 -13.0000 0.0000 0.0000 1-8ndis.dat
1 16 0.0000 4.5000 170.0000 0.0000 0.0000 10.0000 0.0000 -1.0000 0.0000 -10.0000 0.0000 0.0000 1-8chrd.dat
1 16 0.0000 4.5000 170.0000 0.0000 0.0000 13.0000 0.0000 -1.0000 0.0000 -13.0000 0.0000 0.0000 1-8ndis.dat
1 16 0.0000 0.0000 170.0000 0.0000 0.0000 -10.0000 0.0000 4.5000 0.0000 -10.0000 0.0000 0.0000 1-8cylo.dat
0 BFC INVERTNEXT
1 16 0.0000 0.0000 170.0000 0.0000 0.0000 -13.0000 0.0000 4.5000 0.0000 -13.0000 0.0000 0.0000 1-8cylo.dat
1 16 0.0000 0.0000 170.0000 0.0000 0.0000 -10.0000 0.0000 1.0000 0.0000 -10.0000 0.0000 0.0000 1-8chrd.dat
1 16 0.0000 0.0000 170.0000 0.0000 0.0000 -13.0000 0.0000 1.0000 0.0000 -13.0000 0.0000 0.0000 1-8ndis.dat
1 16 0.0000 4.5000 170.0000 0.0000 0.0000 -10.0000 0.0000 -1.0000 0.0000 -10.0000 0.0000 0.0000 1-8chrd.dat
1 16 0.0000 4.5000 170.0000 0.0000 0.0000 -13.0000 0.0000 -1.0000 0.0000 -13.0000 0.0000 0.0000 1-8ndis.dat
1 16 0.0000 11.0000 170.0000 -7.0000 0.0000 0.0000 0.0000 1.0000 0.0000 0.0000 0.0000 -7.0000 4-4disc.dat
1 16 0.0000 14.0000 170.0000 -6.0000 0.0000 0.0000 0.0000 -1.0000 0.0000 0.0000 0.0000 -6.0000 4-4disc.dat
1 16 0.0000 11.0000 170.0000 -7.0000 0.0000 0.0000 0.0000 1.0000 0.0000 0.0000 0.0000 -7.0000 4-4edge.dat
1 16 0.0000 14.0000 170.0000 -6.0000 0.0000 0.0000 0.0000 -1.0000 0.0000 0.0000 0.0000 -6.0000 4-4edge.dat
1 16 0.0000 11.0000 170.0000 -1.0000 0.0000 0.0000 0.0000 3.0000 0.0000 0.0000 0.0000 -1.0000 4-4con6.dat
1 16 0.0000 11.0000 170.0000 0.0000 0.0000 -6.0000 0.0000 -6.5000 0.0000 6.0000 0.0000 0.0000 3-16cylo.dat
1 16 0.0000 11.0000 170.0000 0.0000 0.0000 -6.0000 0.0000 -6.5000 0.0000 -6.0000 0.0000 0.0000 3-16cylo.dat
0 BFC INVERTNEXT
1 16 -5.5434 7.7500 170.0000 0.0000 3.0000 0.0000 3.2500 0.0000 0.0000 0.0000 0.0000 -2.2962 box3u2p.dat
1 16 0.0000 11.0000 170.0000 0.0000 0.0000 6.0000 0.0000 -6.5000 0.0000 6.0000 0.0000 0.0000 3-16cylo.dat
1 16 0.0000 11.0000 170.0000 0.0000 0.0000 6.0000 0.0000 -6.5000 0.0000 -6.0000 0.0000 0.0000 3-16cylo.dat
0 BFC INVERTNEXT
1 16 5.5434 7.7500 170.0000 0.0000 -3.0000 0.0000 3.2500 0.0000 0.0000 0.0000 0.0000 -2.2962 box3u2p.dat
0 BFC INVERTNEXT
1 16 -2.6870 0.0000 171.7000 0.0000 0.0000 -3.8000 0.0000 0.3000 0.0000 3.8000 0.0000 0.0000 3-8cylo.dat
0 BFC INVERTNEXT
1 16 -2.6870 0.0000 171.7000 0.0000 0.0000 3.8000 0.0000 0.3000 0.0000 3.8000 0.0000 0.0000 1-8cylo.dat
0 BFC INVERTNEXT
1 16 2.6870 0.0000 171.7000 0.0000 0.0000 3.8000 0.0000 0.3000 0.0000 3.8000 0.0000 0.0000 3-8cylo.dat
0 BFC INVERTNEXT
1 16 2.6870 0.0000 171.7000 0.0000 0.0000 -3.8000 0.0000 0.3000 0.0000 3.8000 0.0000 0.0000 1-8cylo.dat
1 16 -2.6870 0.3000 171.7000 0.0000 0.0000 -3.8000 0.0000 1.0000 0.0000 3.8000 0.0000 0.0000 3-8chrd.dat
1 16 -2.6870 0.3000 171.7000 0.0000 0.0000 3.8000 0.0000 1.0000 0.0000 3.8000 0.0000 0.0000 1-8chrd.dat
1 16 2.6870 0.3000 171.7000 0.0000 0.0000 3.8000 0.0000 1.0000 0.0000 3.8000 0.0000 0.0000 3-8chrd.dat
1 16 2.6870 0.3000 171.7000 0.0000 0.0000 -3.8000 0.0000 1.0000 0.0000 3.8000 0.0000 0.0000 1-8chrd.dat
1 16 -2.6870 0.1500 166.7565 0.0000 -1.0000 2.6900 -0.1500 0.0000 0.0000 0.0000 0.0000 -2.2600 rect3.dat
1 16 2.6870 0.1500 166.7565 2.6879 1.0012 0.0000 0.0000 0.0000 0.1500 2.2573 0.0051 0.0000 rect2p.dat
1 16 -2.6870 0.0000 171.7000 0.0000 0.0000 -3.8000 0.0000 1.0000 0.0000 3.8000 0.0000 0.0000 3-8ndis.dat
1 16 -2.6870 0.0000 171.7000 0.0000 0.0000 3.8000 0.0000 1.0000 0.0000 3.8000 0.0000 0.0000 1-8tndis.dat
1 16 2.6870 0.0000 171.7000 0.0000 0.0000 3.8000 0.0000 1.0000 0.0000 3.8000 0.0000 0.0000 3-8ndis.dat
1 16 2.6870 0.0000 171.7000 0.0000 0.0000 -3.8000 0.0000 1.0000 0.0000 3.8000 0.0000 0.0000 1-8tndis.dat
3 16 6.500 0.000 -168.500 6.500 0.000 -181.500 14.000 0.000 -183.000
3 16 14.000 0.000 -183.000 14.000 0.000 -167.000 6.500 0.000 -168.500
3 16 6.500 0.000 -181.500 -6.500 0.000 -181.500 -14.000 0.000 -183.000
3 16 -14.000 0.000 -183.000 14.000 0.000 -183.000 6.500 0.000 -181.500
3 16 -14.000 0.000 -183.000 -6.500 0.000 -181.500 -6.500 0.000 -168.500
3 16 -6.500 0.000 -168.500 -14.000 0.000 -167.000 -14.000 0.000 -183.000
3 16 -6.500 0.000 -168.500 6.500 0.000 -168.500 14.000 0.000 -167.000
3 16 14.000 0.000 -167.000 -14.000 0.000 -167.000 -6.500 0.000 -168.500
3 16 6.500 4.500 -168.500 14.000 4.500 -167.000 14.000 4.500 -183.000
3 16 14.000 4.500 -183.000 6.500 4.500 -181.500 6.500 4.500 -168.500
3 16 6.500 4.500 -181.500 14.000 4.500 -183.000 -14.000 4.500 -183.000
3 16 -14.000 4.500 -183.000 -6.500 4.500 -181.500 6.500 4.500 -181.500
3 16 -14.000 4.500 -183.000 -14.000 4.500 -167.000 -6.500 4.500 -168.500
3 16 -6.500 4.500 -168.500 -6.500 4.500 -181.500 -14.000 4.500 -183.000
3 16 -6.500 4.500 -168.500 -14.000 4.500 -167.000 14.000 4.500 -167.000
3 16 14.000 4.500 -167.000 6.500 4.500 -168.500 -6.500 4.500 -168.500
0 BFC INVERTNEXT
1 16 0.0000 0.0000 -175.0000 -6.5000 0.0000 0.0000 0.0000 4.5000 0.0000 0.0000 0.0000 -6.5000 4-4cylo.dat
1 16 0.0000 0.0000 -175.0000 -6.5000 0.0000 0.0000 0.0000 1.0000 0.0000 0.0000 0.0000 -6.5000 4-4ndis.dat
1 16 0.0000 4.5000 -175.0000 -6.5000 0.0000 0.0000 0.0000 -1.0000 0.0000 0.0000 0.0000 -6.5000 4-4ndis.dat
1 16 14.0000 2.2500 -175.0000 0.0000 -1.0000 0.0000 0.0000 0.0000 -2.2500 8.0000 0.0000 0.0000 rect2p.dat
1 16 -14.0000 2.2500 -175.0000 0.0000 1.0000 0.0000 0.0000 0.0000 2.2500 8.0000 0.0000 0.0000 rect2p.dat
1 16 0.0000 2.2500 -194.0000 14.0000 0.0000 0.0000 0.0000 0.0000 2.2500 0.0000 11.0000 0.0000 box4o8a.dat
3 16 6.500 0.000 -195.500 6.500 0.000 -208.500 14.000 0.000 -210.000
3 16 14.000 0.000 -210.000 14.000 0.000 -194.000 6.500 0.000 -195.500
3 16 6.500 0.000 -208.500 -6.500 0.000 -208.500 -14.000 0.000 -210.000
3 16 -14.000 0.000 -210.000 14.000 0.000 -210.000 6.500 0.000 -208.500
3 16 -14.000 0.000 -210.000 -6.500 0.000 -208.500 -6.500 0.000 -195.500
3 16 -6.500 0.000 -195.500 -14.000 0.000 -194.000 -14.000 0.000 -210.000
3 16 -6.500 0.000 -195.500 6.500 0.000 -195.500 14.000 0.000 -194.000
3 16 14.000 0.000 -194.000 -14.000 0.000 -194.000 -6.500 0.000 -195.500
3 16 6.500 4.500 -195.500 14.000 4.500 -194.000 14.000 4.500 -210.000
3 16 14.000 4.500 -210.000 6.500 4.500 -208.500 6.500 4.500 -195.500
3 16 6.500 4.500 -208.500 14.000 4.500 -210.000 -14.000 4.500 -210.000
3 16 -14.000 4.500 -210.000 -6.500 4.500 -208.500 6.500 4.500 -208.500
3 16 -14.000 4.500 -210.000 -14.000 4.500 -194.000 -6.500 4.500 -195.500
3 16 -6.500 4.500 -195.500 -6.500 4.500 -208.500 -14.000 4.500 -210.000
3 16 -6.500 4.500 -195.500 -14.000 4.500 -194.000 14.000 4.500 -194.000
3 16 14.000 4.500 -194.000 6.500 4.500 -195.500 -6.500 4.500 -195.500
0 BFC INVERTNEXT
1 16 0.0000 0.0000 -202.0000 -6.5000 0.0000 0.0000 0.0000 4.5000 0.0000 0.0000 0.0000 -6.5000 4-4cylo.dat
1 16 0.0000 0.0000 -202.0000 -6.5000 0.0000 0.0000 0.0000 1.0000 0.0000 0.0000 0.0000 -6.5000 4-4ndis.dat
1 16 0.0000 4.5000 -202.0000 -6.5000 0.0000 0.0000 0.0000 -1.0000 0.0000 0.0000 0.0000 -6.5000 4-4ndis.dat
1 16 14.0000 2.2500 -202.0000 0.0000 -1.0000 0.0000 0.0000 0.0000 -2.2500 8.0000 0.0000 0.0000 rect2p.dat
1 16 -14.0000 2.2500 -202.0000 0.0000 1.0000 0.0000 0.0000 0.0000 2.2500 8.0000 0.0000 0.0000 rect2p.dat
1 16 0.0000 2.2500 -221.0000 14.0000 0.0000 0.0000 0.0000 0.0000 2.2500 0.0000 11.0000 0.0000 box4o8a.dat
3 16 6.500 0.000 -222.500 6.500 0.000 -235.500 14.000 0.000 -237.000
3 16 14.000 0.000 -237.000 14.000 0.000 -221.000 6.500 0.000 -222.500
3 16 6.500 0.000 -235.500 -6.500 0.000 -235.500 -14.000 0.000 -237.000
3 16 -14.000 0.000 -237.000 14.000 0.000 -237.000 6.500 0.000 -235.500
3 16 -14.000 0.000 -237.000 -6.500 0.000 -235.500 -6.500 0.000 -222.500
3 16 -6.500 0.000 -222.500 -14.000 0.000 -221.000 -14.000 0.000 -237.000
3 16 -6.500 0.000 -222.500 6.500 0.000 -222.500 14.000 0.000 -221.000
3 16 14.000 0.000 -221.000 -14.000 0.000 -221.000 -6.500 0.000 -222.500
3 16 6.500 4.500 -222.500 14.000 4.500 -221.000 14.000 4.500 -237.000
3 16 14.000 4.500 -237.000 6.500 4.500 -235.500 6.500 4.500 -222.500
3 16 6.500 4.500 -235.500 14.000 4.500 -237.000 -14.000 4.500 -237.000
3 16 -14.000 4.500 -237.000 -6.500 4.500 -235.500 6.500 4.500 -235.500
3 16 -14.000 4.500 -237.000 -14.000 4.500 -221.000 -6.500 4.500 -222.500
3 16 -6.500 4.500 -222.500 -6.500 4.500 -235.500 -14.000 4.500 -237.000
3 16 -6.500 4.500 -222.500 -14.000 4.500 -221.000 14.000 4.500 -221.000
3 16 14.000 4.500 -221.000 6.500 4.500 -222.500 -6.500 4.500 -222.500
0 BFC INVERTNEXT
1 16 0.0000 0.0000 -229.0000 -6.5000 0.0000 0.0000 0.0000 4.5000 0.0000 0.0000 0.0000 -6.5000 4-4cylo.dat
1 16 0.0000 0.0000 -229.0000 -6.5000 0.0000 0.0000 0.0000 1.0000 0.0000 0.0000 0.0000 -6.5000 4-4ndis.dat
1 16 0.0000 4.5000 -229.0000 -6.5000 0.0000 0.0000 0.0000 -1.0000 0.0000 0.0000 0.0000 -6.5000 4-4ndis.dat
1 16 14.0000 2.2500 -229.0000 0.0000 -1.0000 0.0000 0.0000 0.0000 -2.2500 8.0000 0.0000 0.0000 rect2p.dat
1 16 -14.0000 2.2500 -229.0000 0.0000 1.0000 0.0000 0.0000 0.0000 2.2500 8.0000 0.0000 0.0000 rect2p.dat
1 16 0.0000 2.2500 -248.0000 14.0000 0.0000 0.0000 0.0000 0.0000 2.2500 0.0000 11.0000 0.0000 box4o8a.dat
3 16 6.500 0.000 -249.500 6.500 0.000 -262.500 14.000 0.000 -264.000
3 16 14.000 0.000 -264.000 14.000 0.000 -248.000 6.500 0.000 -249.500
3 16 6.500 0.000 -262.500 -6.500 0.000 -262.500 -14.000 0.000 -264.000
3 16 -14.000 0.000 -264.000 14.000 0.000 -264.000 6.500 0.000 -262.500
3 16 -14.000 0.000 -264.000 -6.500 0.000 -262.500 -6.500 0.000 -249.500
3 16 -6.500 0.000 -249.500 -14.000 0.000 -248.000 -14.000 0.000 -264.000
3 16 -6.500 0.000 -249.500 6.500 0.000 -249.500 14.000 0.000 -248.000
3 16 14.000 0.000 -248.000 -14.000 0.000 -248.000 -6.500 0.000 -249.500
3 16 6.500 4.500 -249.500 14.000 4.500 -248.000 14.000 4.500 -264.000
3 16 14.000 4.500 -264.000 6.500 4.500 -262.500 6.500 4.500 -249.500
3 16 6.500 4.500 -262.500 14.000 4.500 -264.000 -14.000 4.500 -264.000
3 16 -14.000 4.500 -264.000 -6.500 4.500 -262.500 6.500 4.500 -262.500
3 16 -14.000 4.500 -264.000 -14.000 4.500 -248.000 -6.500 4.500 -249.500
3 16 -6.500 4.500 -249.500 -6.500 4.500 -262.500 -14.000 4.500 -264.000
3 16 -6.500 4.500 -249.500 -14.000 4.500 -248.000 14.000 4.500 -248.000
3 16 14.000 4.500 -248.000 6.500 4.500 -249.500 -6.500 4.500 -249.500
0 BFC INVERTNEXT
1 16 0.0000 0.0000 -256.0000 -6.5000 0.0000 0.0000 0.0000 4.5000 0.0000 0.0000 0.0000 -6.5000 4-4cylo.dat
1 16 0.0000 0.0000 -256.0000 -6.5000 0.0000 0.0000 0.0000 1.0000 0.0000 0.0000 0.0000 -6.5000 4-4ndis.dat
1 16 0.0000 4.5000 -256.0000 -6.5000 0.0000 0.0000 0.0000 -1.0000 0.0000 0.0000 0.0000 -6.5000 4-4ndis.dat
1 16 14.0000 2.2500 -256.0000 0.0000 -1.0000 0.0000 0.0000 0.0000 -2.2500 8.0000 0.0000 0.0000 rect2p.dat
1 16 -14.0000 2.2500 -256.0000 0.0000 1.0000 0.0000 0.0000 0.0000 2.2500 8.0000 0.0000 0.0000 rect2p.dat
1 16 0.0000 2.2500 -275.0000 14.0000 0.0000 0.0000 0.0000 0.0000 2.2500 0.0000 11.0000 0.0000 box4o8a.dat
3 16 -6.500 0.000 -289.500 -6.500 0.000 -276.500 -14.000 0.000 -275.000
3 16 -14.000 0.000 -275.000 -14.000 0.000 -283.500 -6.500 0.000 -289.500
3 16 -6.500 0.000 -276.500 6.500 0.000 -276.500 14.000 0.000 -275.000
3 16 14.000 0.000 -275.000 -14.000 0.000 -275.000 -6.500 0.000 -276.500
3 16 14.000 0.000 -275.000 6.500 0.000 -276.500 6.500 0.000 -289.500
3 16 6.500 0.000 -289.500 14.000 0.000 -283.500 14.000 0.000 -275.000
3 16 -6.500 4.500 -289.500 -14.000 4.500 -283.500 -14.000 4.500 -275.000
3 16 -14.000 4.500 -275.000 -6.500 4.500 -276.500 -6.500 4.500 -289.500
3 16 -6.500 4.500 -276.500 -14.000 4.500 -275.000 14.000 4.500 -275.000
3 16 14.000 4.500 -275.000 6.500 4.500 -276.500 -6.500 4.500 -276.500
3 16 14.000 4.500 -275.000 14.000 4.500 -283.500 6.500 4.500 -289.500
3 16 6.500 4.500 -289.500 6.500 4.500 -276.500 14.000 4.500 -275.000
3 16 -1.000 0.000 -296.500 -6.500 0.000 -289.500 -14.000 0.000 -283.500
3 16 6.500 0.000 -289.500 -1.000 0.000 -296.500 1.000 0.000 -296.500
3 16 1.000 0.000 -296.500 14.000 0.000 -283.500 6.500 0.000 -289.500
3 16 -6.500 0.000 -289.500 -1.000 0.000 -296.500 6.500 0.000 -289.500
3 16 6.500 4.500 -289.500 14.000 4.500 -283.500 1.000 4.500 -296.500
3 16 1.000 4.500 -296.500 -1.000 4.500 -296.500 6.500 4.500 -289.500
3 16 -6.500 4.500 -289.500 -1.000 4.500 -296.500 -14.000 4.500 -283.500
3 16 -1.000 4.500 -296.500 -6.500 4.500 -289.500 6.500 4.500 -289.500
0 BFC INVERTNEXT
1 16 0.0000 0.0000 -283.0000 6.5000 0.0000 0.0000 0.0000 4.5000 0.0000 0.0000 0.0000 6.5000 4-4cylo.dat
1 16 0.0000 0.0000 -283.0000 6.5000 0.0000 0.0000 0.0000 1.0000 0.0000 0.0000 0.0000 6.5000 4-4ndis.dat
1 16 0.0000 4.5000 -283.0000 6.5000 0.0000 0.0000 0.0000 -1.0000 0.0000 0.0000 0.0000 6.5000 4-4ndis.dat
1 16 -14.0000 2.2500 -279.2500 0.0000 1.0000 0.0000 0.0000 0.0000 -2.2500 -4.2500 0.0000 0.0000 rect2p.dat
1 16 14.0000 2.2500 -279.2500 0.0000 -1.0000 0.0000 0.0000 0.0000 2.2500 -4.2500 0.0000 0.0000 rect2p.dat
1 16 1.0000 0.0000 -283.5000 13.0000 0.0000 0.0000 0.0000 4.5000 0.0000 0.0000 0.0000 -13.0000 1-4cylo.dat
1 16 -1.0000 0.0000 -283.5000 -13.0000 0.0000 0.0000 0.0000 4.5000 0.0000 0.0000 0.0000 -13.0000 1-4cylo.dat
1 16 0.0000 2.2500 -296.5000 -1.0000 0.0000 0.0000 0.0000 0.0000 -2.2500 0.0000 1.0000 0.0000 rect2p.dat
1 16 1.0000 0.0000 -283.5000 13.0000 0.0000 0.0000 0.0000 1.0000 0.0000 0.0000 0.0000 -13.0000 1-4chrd.dat
1 16 -1.0000 0.0000 -283.5000 -13.0000 0.0000 0.0000 0.0000 1.0000 0.0000 0.0000 0.0000 -13.0000 1-4chrd.dat
1 16 1.0000 4.5000 -283.5000 13.0000 0.0000 0.0000 0.0000 -1.0000 0.0000 0.0000 0.0000 -13.0000 1-4chrd.dat
1 16 -1.0000 4.5000 -283.5000 -13.0000 0.0000 0.0000 0.0000 -1.0000 0.0000 0.0000 0.0000 -13.0000 1-4chrd.dat
1 16 0.0000 2.2500 -167.0000 14.0000 0.0000 0.0000 0.0000 0.0000 2.2500 0.0000 31.0000 0.0000 box4o8a.dat
