0 FILE 67631.dat
0 Otter
0 Name:  67631.dat
0 Author:  
0 BL_Item_No 67631
0 BFC CERTIFY CCW
3 16 0.000 -24.999 -39.704 0.000 -23.914 -39.428 2.259 -23.999 -39.114
3 16 0.000 -24.999 -39.704 2.259 -23.999 -39.114 2.392 -25.032 -39.375
3 16 2.392 -25.032 -39.375 2.259 -23.999 -39.114 2.928 -23.437 -38.530
3 16 2.392 -25.032 -39.375 2.928 -23.437 -38.530 3.787 -25.064 -38.707
3 16 3.787 -25.064 -38.707 2.391 -26.008 -39.343 2.392 -25.032 -39.375
3 16 3.787 -25.064 -38.707 3.223 -26.943 -38.707 2.391 -26.008 -39.343
3 16 0.000 -26.021 -39.686 0.000 -24.999 -39.704 2.392 -25.032 -39.375
3 16 2.392 -25.032 -39.375 2.391 -26.008 -39.343 0.000 -26.021 -39.686
3 16 1.558 -22.661 -38.269 0.000 -23.914 -39.428 0.000 -22.405 -38.202
3 16 1.558 -22.661 -38.269 2.259 -23.999 -39.114 0.000 -23.914 -39.428
3 16 2.928 -23.437 -38.530 2.259 -23.999 -39.114 1.558 -22.661 -38.269
3 16 1.872 -27.479 -38.962 0.000 -26.021 -39.686 2.391 -26.008 -39.343
3 16 1.872 -27.479 -38.962 0.000 -27.542 -38.922 0.000 -26.021 -39.686
3 16 1.872 -27.479 -38.962 2.391 -26.008 -39.343 3.223 -26.943 -38.707
3 16 4.392 -28.955 -32.950 2.383 -28.397 -36.198 3.259 -27.660 -35.923
3 16 1.872 -27.479 -38.962 2.383 -28.397 -36.198 0.000 -28.867 -36.328
3 16 1.872 -27.479 -38.962 0.000 -28.867 -36.328 0.000 -27.542 -38.922
3 16 3.223 -26.943 -38.707 2.383 -28.397 -36.198 1.872 -27.479 -38.962
3 16 3.223 -26.943 -38.707 3.259 -27.660 -35.923 2.383 -28.397 -36.198
3 16 5.310 -26.712 -33.400 6.255 -26.943 -31.326 5.294 -29.297 -31.571
3 16 5.310 -26.712 -33.400 5.294 -29.297 -31.571 4.392 -28.955 -32.950
3 16 5.310 -26.712 -33.400 4.392 -28.955 -32.950 3.259 -27.660 -35.923
3 16 5.310 -26.712 -33.400 3.259 -27.660 -35.923 4.652 -26.416 -35.515
3 16 3.223 -26.943 -38.707 4.652 -26.416 -35.515 3.259 -27.660 -35.923
3 16 3.223 -26.943 -38.707 3.787 -25.064 -38.707 4.652 -26.416 -35.515
3 16 0.000 -23.914 -39.428 0.000 -24.999 -39.704 -2.259 -23.999 -39.114
3 16 -2.259 -23.999 -39.114 0.000 -24.999 -39.704 -2.392 -25.032 -39.375
3 16 -2.259 -23.999 -39.114 -2.392 -25.032 -39.375 -2.928 -23.437 -38.530
3 16 -2.928 -23.437 -38.530 -2.392 -25.032 -39.375 -3.787 -25.064 -38.707
3 16 -2.391 -26.008 -39.343 -3.787 -25.064 -38.707 -2.392 -25.032 -39.375
3 16 -3.223 -26.943 -38.707 -3.787 -25.064 -38.707 -2.391 -26.008 -39.343
3 16 0.000 -26.021 -39.686 -2.391 -26.008 -39.343 -2.392 -25.032 -39.375
3 16 -2.392 -25.032 -39.375 0.000 -24.999 -39.704 0.000 -26.021 -39.686
3 16 0.000 -23.914 -39.428 -1.558 -22.661 -38.269 0.000 -22.405 -38.202
3 16 -2.259 -23.999 -39.114 -1.558 -22.661 -38.269 0.000 -23.914 -39.428
3 16 -2.259 -23.999 -39.114 -2.928 -23.437 -38.530 -1.558 -22.661 -38.269
3 16 0.000 -26.021 -39.686 -1.872 -27.479 -38.962 -2.391 -26.008 -39.343
3 16 0.000 -27.542 -38.922 -1.872 -27.479 -38.962 0.000 -26.021 -39.686
3 16 -2.391 -26.008 -39.343 -1.872 -27.479 -38.962 -3.223 -26.943 -38.707
3 16 -2.383 -28.397 -36.198 -4.392 -28.955 -32.950 -3.259 -27.660 -35.923
3 16 -2.383 -28.397 -36.198 -1.872 -27.479 -38.962 0.000 -28.867 -36.328
3 16 0.000 -28.867 -36.328 -1.872 -27.479 -38.962 0.000 -27.542 -38.922
3 16 -2.383 -28.397 -36.198 -3.223 -26.943 -38.707 -1.872 -27.479 -38.962
3 16 -3.259 -27.660 -35.923 -3.223 -26.943 -38.707 -2.383 -28.397 -36.198
3 16 -6.255 -26.943 -31.326 -5.310 -26.712 -33.400 -5.294 -29.297 -31.571
3 16 -5.294 -29.297 -31.571 -5.310 -26.712 -33.400 -4.392 -28.955 -32.950
3 16 -4.392 -28.955 -32.950 -5.310 -26.712 -33.400 -3.259 -27.660 -35.923
3 16 -3.259 -27.660 -35.923 -5.310 -26.712 -33.400 -4.652 -26.416 -35.515
3 16 -4.652 -26.416 -35.515 -3.223 -26.943 -38.707 -3.259 -27.660 -35.923
3 16 -3.787 -25.064 -38.707 -3.223 -26.943 -38.707 -4.652 -26.416 -35.515
2 24 2.169 0.000 -15.884 2.115 0.000 -17.287
2 24 -2.169 0.000 -15.884 -2.115 0.000 -17.287
2 24 -2.115 0.000 -17.287 -2.518 0.000 -18.343
2 24 2.115 0.000 -17.287 2.518 0.000 -18.343
3 16 0.000 -12.049 -21.310 0.946 -11.838 -21.106 0.000 -14.397 -23.972
3 16 2.695 -14.370 -23.618 0.000 -16.479 -26.202 0.000 -14.397 -23.972
3 16 0.000 -14.397 -23.972 0.946 -11.838 -21.106 2.695 -14.370 -23.618
3 16 2.695 -14.370 -23.618 3.686 -16.756 -25.782 0.000 -16.479 -26.202
3 16 1.727 -11.271 -20.443 2.695 -14.370 -23.618 0.946 -11.838 -21.106
3 16 1.727 -11.271 -20.443 5.278 -13.214 -21.598 2.695 -14.370 -23.618
3 16 5.278 -13.214 -21.598 3.686 -16.756 -25.782 2.695 -14.370 -23.618
3 16 5.278 -13.214 -21.598 7.887 -17.262 -21.950 3.686 -16.756 -25.782
3 16 5.907 -18.828 -25.794 3.686 -16.756 -25.782 7.887 -17.262 -21.950
3 16 5.907 -18.828 -25.794 7.887 -17.262 -21.950 7.884 -19.951 -22.095
3 16 5.907 -18.828 -25.794 7.884 -19.951 -22.095 6.438 -21.250 -25.464
3 16 5.278 -13.214 -21.598 7.685 -12.565 -18.610 7.887 -17.262 -21.950
3 16 5.278 -13.214 -21.598 5.086 -10.812 -19.366 7.685 -12.565 -18.610
3 16 5.086 -10.812 -19.366 5.278 -13.214 -21.598 1.727 -11.271 -20.443
3 16 5.086 -10.812 -19.366 1.727 -11.271 -20.443 2.149 -10.136 -19.067
3 16 7.609 -9.068 -16.322 7.685 -12.565 -18.610 5.086 -10.812 -19.366
3 16 7.609 -9.068 -16.322 5.086 -10.812 -19.366 4.932 -8.344 -17.118
3 16 4.932 -8.344 -17.118 5.086 -10.812 -19.366 2.149 -10.136 -19.067
3 16 5.003 -6.710 -16.039 7.609 -9.068 -16.322 4.932 -8.344 -17.118
3 16 5.003 -6.710 -16.039 7.517 -7.066 -14.903 7.609 -9.068 -16.322
3 16 7.660 -5.754 -14.679 7.517 -7.066 -14.903 5.003 -6.710 -16.039
3 16 7.660 -5.754 -14.679 5.003 -6.710 -16.039 5.037 -5.376 -16.091
3 16 5.037 -5.376 -16.091 5.003 -6.710 -16.039 2.147 -6.422 -16.322
3 16 5.037 -5.376 -16.091 2.147 -6.422 -16.322 2.131 -5.366 -16.557
3 16 5.220 -4.223 -17.119 7.660 -5.754 -14.679 5.037 -5.376 -16.091
3 16 5.220 -4.223 -17.119 8.660 -3.902 -15.458 7.660 -5.754 -14.679
3 16 5.037 -5.376 -16.091 2.071 -4.493 -17.275 5.220 -4.223 -17.119
3 16 5.037 -5.376 -16.091 2.131 -5.366 -16.557 2.071 -4.493 -17.275
3 16 2.071 -4.493 -17.275 2.630 -3.292 -18.378 5.220 -4.223 -17.119
3 16 5.220 -4.223 -17.119 2.630 -3.292 -18.378 3.136 -2.939 -18.694
3 16 3.136 -2.939 -18.694 5.717 -2.860 -18.470 5.220 -4.223 -17.119
3 16 5.220 -4.223 -17.119 8.725 -2.763 -18.183 8.660 -3.902 -15.458
3 16 5.220 -4.223 -17.119 5.717 -2.860 -18.470 8.725 -2.763 -18.183
3 16 2.002 -7.595 -16.895 5.003 -6.710 -16.039 4.932 -8.344 -17.118
3 16 2.002 -7.595 -16.895 2.147 -6.422 -16.322 5.003 -6.710 -16.039
3 16 4.932 -8.344 -17.118 2.149 -10.136 -19.067 2.002 -7.595 -16.895
3 16 6.670 -24.578 -23.172 7.884 -19.951 -22.095 7.942 -22.064 -20.559
3 16 6.670 -24.578 -23.172 6.438 -21.250 -25.464 7.884 -19.951 -22.095
3 16 8.027 -22.708 -18.867 6.670 -24.578 -23.172 7.942 -22.064 -20.559
3 16 6.670 -24.578 -23.172 8.027 -22.708 -18.867 4.877 -26.256 -16.889
3 16 4.877 -26.256 -16.889 4.708 -28.070 -21.602 6.670 -24.578 -23.172
3 16 4.877 -26.256 -16.889 8.027 -22.708 -18.867 8.275 -22.364 -16.833
3 16 8.275 -22.364 -16.833 5.197 -25.586 -13.781 4.877 -26.256 -16.889
3 16 5.197 -25.586 -13.781 8.275 -22.364 -16.833 8.582 -21.404 -13.704
3 16 8.582 -21.404 -13.704 8.889 -20.963 -10.575 5.517 -25.436 -10.673
3 16 8.582 -21.404 -13.704 5.517 -25.436 -10.673 5.197 -25.586 -13.781
3 16 8.889 -20.963 -10.575 8.994 -21.615 -3.303 6.142 -26.527 -3.782
3 16 6.142 -26.527 -3.782 5.517 -25.436 -10.673 8.889 -20.963 -10.575
3 16 6.142 -26.527 -3.782 8.994 -21.615 -3.303 8.992 -22.743 4.095
3 16 8.992 -22.743 4.095 6.347 -27.324 4.005 6.142 -26.527 -3.782
3 16 8.992 -22.743 4.095 8.524 -21.987 9.866 6.034 -26.552 7.480
3 16 6.034 -26.552 7.480 6.347 -27.324 4.005 8.992 -22.743 4.095
3 16 5.634 -25.401 10.857 6.034 -26.552 7.480 8.524 -21.987 9.866
3 16 5.634 -25.401 10.857 8.524 -21.987 9.866 7.723 -19.673 14.838
3 16 7.723 -19.673 14.838 4.833 -22.215 16.055 5.634 -25.401 10.857
3 16 7.723 -19.673 14.838 6.193 -16.070 19.545 3.945 -18.242 20.396
3 16 3.945 -18.242 20.396 4.833 -22.215 16.055 7.723 -19.673 14.838
3 16 6.193 -16.070 19.545 4.920 -12.856 24.249 3.028 -15.105 24.549
3 16 3.028 -15.105 24.549 3.945 -18.242 20.396 6.193 -16.070 19.545
3 16 4.920 -12.856 24.249 3.948 -11.305 28.934 2.559 -12.932 29.243
3 16 2.559 -12.932 29.243 3.028 -15.105 24.549 4.920 -12.856 24.249
3 16 2.559 -12.932 29.243 3.948 -11.305 28.934 3.207 -10.864 34.327
3 16 3.207 -10.864 34.327 1.948 -12.465 33.968 2.559 -12.932 29.243
3 16 3.207 -10.864 34.327 1.305 -12.700 37.421 1.948 -12.465 33.968
3 16 3.207 -10.864 34.327 2.510 -11.264 38.228 1.305 -12.700 37.421
3 16 0.806 -12.705 38.013 1.305 -12.700 37.421 2.510 -11.264 38.228
3 16 0.806 -12.705 38.013 2.510 -11.264 38.228 1.524 -11.453 39.314
3 16 0.000 -11.445 39.590 0.806 -12.705 38.013 1.524 -11.453 39.314
3 16 0.000 -11.445 39.590 0.000 -12.671 38.161 0.806 -12.705 38.013
3 16 0.000 -27.108 -16.645 4.708 -28.070 -21.602 4.877 -26.256 -16.889
3 16 0.000 -27.108 -16.645 0.000 -29.190 -21.257 4.708 -28.070 -21.602
3 16 0.000 -26.409 -13.685 0.000 -27.108 -16.645 4.877 -26.256 -16.889
3 16 0.000 -26.409 -13.685 4.877 -26.256 -16.889 5.197 -25.586 -13.781
3 16 5.197 -25.586 -13.781 5.517 -25.436 -10.673 0.000 -26.230 -10.725
3 16 5.197 -25.586 -13.781 0.000 -26.230 -10.725 0.000 -26.409 -13.685
3 16 5.517 -25.436 -10.673 0.000 -27.565 -3.835 0.000 -26.230 -10.725
3 16 5.517 -25.436 -10.673 6.142 -26.527 -3.782 0.000 -27.565 -3.835
3 16 6.142 -26.527 -3.782 0.000 -28.723 3.614 0.000 -27.565 -3.835
3 16 6.142 -26.527 -3.782 6.347 -27.324 4.005 0.000 -28.723 3.614
3 16 0.000 -28.190 7.202 0.000 -28.723 3.614 6.347 -27.324 4.005
3 16 0.000 -28.190 7.202 6.347 -27.324 4.005 6.034 -26.552 7.480
3 16 0.000 -26.901 10.593 0.000 -28.190 7.202 6.034 -26.552 7.480
3 16 6.034 -26.552 7.480 5.634 -25.401 10.857 0.000 -26.901 10.593
3 16 5.634 -25.401 10.857 4.833 -22.215 16.055 0.000 -23.271 16.204
3 16 0.000 -23.271 16.204 0.000 -26.901 10.593 5.634 -25.401 10.857
3 16 4.833 -22.215 16.055 3.945 -18.242 20.396 0.000 -18.924 20.635
3 16 0.000 -18.924 20.635 0.000 -23.271 16.204 4.833 -22.215 16.055
3 16 0.000 -18.924 20.635 3.945 -18.242 20.396 3.028 -15.105 24.549
3 16 0.000 -18.924 20.635 3.028 -15.105 24.549 0.000 -15.456 24.865
3 16 0.000 -15.456 24.865 3.028 -15.105 24.549 2.559 -12.932 29.243
3 16 0.000 -15.456 24.865 2.559 -12.932 29.243 0.000 -13.313 29.669
3 16 1.948 -12.465 33.968 0.000 -12.798 33.942 0.000 -13.313 29.669
3 16 0.000 -13.313 29.669 2.559 -12.932 29.243 1.948 -12.465 33.968
3 16 1.305 -12.700 37.421 0.000 -12.798 33.942 1.948 -12.465 33.968
3 16 1.305 -12.700 37.421 0.000 -12.854 37.168 0.000 -12.798 33.942
3 16 0.000 -12.854 37.168 1.305 -12.700 37.421 0.806 -12.705 38.013
3 16 0.000 -12.854 37.168 0.806 -12.705 38.013 0.000 -12.671 38.161
3 16 8.712 0.000 -9.920 8.660 -3.902 -15.458 8.725 -2.763 -18.183
3 16 8.712 0.000 -9.920 8.664 -3.812 -9.855 8.660 -3.902 -15.458
3 16 8.725 -2.763 -18.183 8.660 0.000 -18.302 8.712 0.000 -9.920
3 16 5.717 -2.860 -18.470 2.987 0.000 -18.681 8.660 0.000 -18.302
3 16 5.717 -2.860 -18.470 3.136 -2.939 -18.694 2.987 0.000 -18.681
3 16 2.518 0.000 -18.343 2.987 0.000 -18.681 3.136 -2.939 -18.694
3 16 2.518 0.000 -18.343 3.136 -2.939 -18.694 2.630 -3.292 -18.378
3 16 8.660 0.000 -18.302 8.725 -2.763 -18.183 5.717 -2.860 -18.470
3 16 2.630 -3.292 -18.378 2.115 0.000 -17.287 2.518 0.000 -18.343
3 16 2.630 -3.292 -18.378 2.071 -4.493 -17.275 2.115 0.000 -17.287
3 16 2.071 -4.493 -17.275 2.296 -3.848 -15.543 2.296 0.000 -15.543
3 16 2.296 0.000 -15.543 2.115 0.000 -17.287 2.071 -4.493 -17.275
3 16 2.131 -5.366 -16.557 2.296 -3.848 -15.543 2.071 -4.493 -17.275
3 16 2.539 -5.501 -15.381 2.296 -3.848 -15.543 2.131 -5.366 -16.557
3 16 2.539 -5.501 -15.381 2.131 -5.366 -16.557 2.147 -6.422 -16.322
3 16 7.660 -5.754 -14.679 8.664 -3.812 -9.855 7.637 -5.850 -10.111
3 16 7.660 -5.754 -14.679 8.660 -3.902 -15.458 8.664 -3.812 -9.855
3 16 7.637 -5.850 -10.111 7.517 -7.066 -14.903 7.660 -5.754 -14.679
3 16 7.637 -5.850 -10.111 7.810 -8.749 -10.241 7.517 -7.066 -14.903
3 16 7.810 -8.749 -10.241 7.609 -9.068 -16.322 7.517 -7.066 -14.903
3 16 7.810 -8.749 -10.241 8.079 -9.975 -9.440 7.609 -9.068 -16.322
3 16 8.943 -14.964 -13.888 7.609 -9.068 -16.322 8.079 -9.975 -9.440
3 16 8.180 -10.414 -8.076 8.943 -14.964 -13.888 8.079 -9.975 -9.440
3 16 8.994 -21.615 -3.303 8.889 -20.963 -10.575 8.943 -14.964 -13.888
3 16 8.943 -14.964 -13.888 8.180 -10.414 -8.076 8.994 -21.615 -3.303
3 16 8.994 -21.615 -3.303 8.180 -10.414 -8.076 8.088 -9.472 -5.194
3 16 8.088 -9.472 -5.194 8.053 -9.295 -2.166 8.994 -21.615 -3.303
3 16 8.994 -21.615 -3.303 8.053 -9.295 -2.166 8.122 -9.747 0.781
3 16 8.122 -9.747 0.781 8.239 -10.834 3.556 8.994 -21.615 -3.303
3 16 8.994 -21.615 -3.303 8.239 -10.834 3.556 8.678 -14.556 7.930
3 16 8.582 -21.404 -13.704 8.275 -22.364 -16.833 8.699 -18.437 -18.402
3 16 8.582 -21.404 -13.704 8.699 -18.437 -18.402 8.943 -14.964 -13.888
3 16 8.943 -14.964 -13.888 8.889 -20.963 -10.575 8.582 -21.404 -13.704
3 16 8.027 -22.708 -18.867 8.699 -18.437 -18.402 8.275 -22.364 -16.833
3 16 8.699 -18.437 -18.402 8.027 -22.708 -18.867 7.942 -22.064 -20.559
3 16 8.699 -18.437 -18.402 7.942 -22.064 -20.559 7.884 -19.951 -22.095
3 16 8.699 -18.437 -18.402 7.884 -19.951 -22.095 7.887 -17.262 -21.950
3 16 8.699 -18.437 -18.402 7.887 -17.262 -21.950 7.685 -12.565 -18.610
3 16 7.685 -12.565 -18.610 8.943 -14.964 -13.888 8.699 -18.437 -18.402
3 16 8.943 -14.964 -13.888 7.685 -12.565 -18.610 7.609 -9.068 -16.322
3 16 8.678 -14.556 7.930 8.992 -22.743 4.095 8.994 -21.615 -3.303
3 16 7.990 -9.124 4.589 7.765 -7.812 6.107 8.678 -14.556 7.930
3 16 8.239 -10.834 3.556 7.990 -9.124 4.589 8.678 -14.556 7.930
3 16 7.765 -7.812 6.107 7.954 -11.581 11.683 8.678 -14.556 7.930
3 16 8.678 -14.556 7.930 7.954 -11.581 11.683 7.723 -19.673 14.838
3 16 7.954 -11.581 11.683 7.465 -12.705 15.673 7.723 -19.673 14.838
3 16 7.723 -19.673 14.838 7.465 -12.705 15.673 7.186 -13.086 17.028
3 16 7.186 -13.086 17.028 6.850 -12.886 18.243 6.193 -16.070 19.545
3 16 7.186 -13.086 17.028 6.193 -16.070 19.545 7.723 -19.673 14.838
3 16 6.850 -12.886 18.243 4.920 -12.856 24.249 6.193 -16.070 19.545
3 16 6.850 -12.886 18.243 5.188 -11.060 23.253 4.920 -12.856 24.249
3 16 3.998 -9.860 28.486 4.920 -12.856 24.249 5.188 -11.060 23.253
3 16 3.998 -9.860 28.486 3.948 -11.305 28.934 4.920 -12.856 24.249
3 16 3.948 -11.305 28.934 3.998 -9.860 28.486 3.167 -9.593 34.253
3 16 3.948 -11.305 28.934 3.167 -9.593 34.253 3.207 -10.864 34.327
3 16 3.207 -10.864 34.327 3.167 -9.593 34.253 2.474 -9.641 38.192
3 16 3.207 -10.864 34.327 2.474 -9.641 38.192 2.510 -11.264 38.228
3 16 2.510 -11.264 38.228 2.474 -9.641 38.192 1.517 -9.659 39.234
3 16 1.517 -9.659 39.234 1.524 -11.453 39.314 2.510 -11.264 38.228
3 16 0.000 -11.445 39.590 1.524 -11.453 39.314 1.517 -9.659 39.234
3 16 1.517 -9.659 39.234 0.000 -9.646 39.503 0.000 -11.445 39.590
3 16 7.406 -11.683 15.173 7.465 -12.705 15.673 7.954 -11.581 11.683
3 16 7.255 -10.553 15.153 7.406 -11.683 15.173 7.954 -11.581 11.683
3 16 7.091 -8.805 15.386 7.255 -10.553 15.153 7.954 -11.581 11.683
3 16 7.091 -8.805 15.386 7.954 -11.581 11.683 7.515 -6.208 10.822
3 16 7.570 -6.694 8.667 7.515 -6.208 10.822 7.954 -11.581 11.683
3 16 7.570 -6.694 8.667 7.954 -11.581 11.683 7.765 -7.812 6.107
3 16 7.091 -8.805 15.386 7.515 -6.208 10.822 7.605 -5.717 11.185
3 16 7.091 -8.805 15.386 7.605 -5.717 11.185 7.441 -6.499 16.373
3 16 7.605 -5.717 11.185 8.695 -4.326 17.584 7.441 -6.499 16.373
3 16 7.605 -5.717 11.185 8.712 -3.650 12.750 8.695 -4.326 17.584
3 16 7.605 -5.717 11.185 7.846 -5.101 10.833 8.712 -3.650 12.750
3 16 7.846 -5.101 10.833 8.610 -2.905 7.632 8.712 -3.650 12.750
3 16 7.846 -5.101 10.833 7.897 -4.088 8.090 8.610 -2.905 7.632
3 16 8.079 -9.975 -9.440 6.654 -8.216 -7.741 8.180 -10.414 -8.076
3 16 8.079 -9.975 -9.440 6.304 -8.080 -8.751 6.654 -8.216 -7.741
3 16 6.304 -8.080 -8.751 8.079 -9.975 -9.440 7.810 -8.749 -10.241
3 16 6.304 -8.080 -8.751 7.810 -8.749 -10.241 6.228 -7.299 -9.223
3 16 6.162 -7.523 -5.087 8.088 -9.472 -5.194 8.180 -10.414 -8.076
3 16 8.180 -10.414 -8.076 6.654 -8.216 -7.741 6.162 -7.523 -5.087
3 16 8.053 -9.295 -2.166 8.088 -9.472 -5.194 6.162 -7.523 -5.087
3 16 6.162 -7.523 -5.087 6.051 -7.225 -2.355 8.053 -9.295 -2.166
3 16 6.051 -7.225 -2.355 6.055 -7.395 0.623 8.053 -9.295 -2.166
3 16 8.122 -9.747 0.781 8.053 -9.295 -2.166 6.055 -7.395 0.623
3 16 8.239 -10.834 3.556 8.122 -9.747 0.781 6.055 -7.395 0.623
3 16 8.239 -10.834 3.556 6.055 -7.395 0.623 5.965 -8.486 3.392
3 16 7.637 -5.850 -10.111 6.228 -7.299 -9.223 7.810 -8.749 -10.241
3 16 7.637 -5.850 -10.111 6.372 -5.947 -9.335 6.228 -7.299 -9.223
3 16 7.637 -5.850 -10.111 7.546 -3.677 -8.885 6.372 -5.947 -9.335
3 16 7.637 -5.850 -10.111 8.664 -3.812 -9.855 7.546 -3.677 -8.885
3 16 0.000 -21.002 -34.402 3.309 -19.674 -30.613 2.389 -21.246 -34.630
3 16 0.000 -21.002 -34.402 0.000 -19.163 -30.321 3.309 -19.674 -30.613
3 16 2.389 -21.246 -34.630 3.309 -19.674 -30.613 5.578 -21.014 -30.862
3 16 2.389 -21.246 -34.630 5.578 -21.014 -30.862 4.307 -22.050 -35.005
3 16 4.307 -22.050 -35.005 1.558 -22.661 -38.269 2.389 -21.246 -34.630
3 16 4.307 -22.050 -35.005 2.928 -23.437 -38.530 1.558 -22.661 -38.269
3 16 2.389 -21.246 -34.630 0.000 -22.405 -38.202 0.000 -21.002 -34.402
3 16 2.389 -21.246 -34.630 1.558 -22.661 -38.269 0.000 -22.405 -38.202
3 16 5.578 -21.014 -30.862 3.309 -19.674 -30.613 5.907 -18.828 -25.794
3 16 5.578 -21.014 -30.862 5.907 -18.828 -25.794 6.438 -21.250 -25.464
3 16 0.000 -19.163 -30.321 0.000 -16.479 -26.202 3.686 -16.756 -25.782
3 16 0.000 -19.163 -30.321 3.686 -16.756 -25.782 3.309 -19.674 -30.613
3 16 3.309 -19.674 -30.613 3.686 -16.756 -25.782 5.907 -18.828 -25.794
3 16 3.225 -30.533 -32.353 4.237 -30.801 -29.025 0.000 -31.669 -29.220
3 16 0.000 -31.669 -29.220 0.000 -31.191 -32.688 3.225 -30.533 -32.353
3 16 0.000 -30.971 -25.333 0.000 -31.669 -29.220 4.237 -30.801 -29.025
3 16 0.000 -30.971 -25.333 4.237 -30.801 -29.025 4.811 -29.816 -25.708
3 16 4.811 -29.816 -25.708 4.708 -28.070 -21.602 0.000 -29.190 -21.257
3 16 0.000 -29.190 -21.257 0.000 -30.971 -25.333 4.811 -29.816 -25.708
3 16 4.811 -29.816 -25.708 6.037 -29.671 -28.130 6.161 -29.032 -25.929
3 16 4.811 -29.816 -25.708 4.237 -30.801 -29.025 6.037 -29.671 -28.130
3 16 4.237 -30.801 -29.025 6.204 -29.323 -30.122 6.037 -29.671 -28.130
3 16 4.237 -30.801 -29.025 5.294 -29.297 -31.571 6.204 -29.323 -30.122
3 16 3.225 -30.533 -32.353 5.294 -29.297 -31.571 4.237 -30.801 -29.025
3 16 3.225 -30.533 -32.353 4.392 -28.955 -32.950 5.294 -29.297 -31.571
3 16 6.612 -27.101 -25.076 4.811 -29.816 -25.708 6.161 -29.032 -25.929
3 16 6.612 -27.101 -25.076 4.708 -28.070 -21.602 4.811 -29.816 -25.708
3 16 6.612 -27.101 -25.076 6.670 -24.578 -23.172 4.708 -28.070 -21.602
3 16 6.612 -27.101 -25.076 7.216 -25.208 -25.588 6.670 -24.578 -23.172
3 16 7.284 -24.492 -26.930 6.670 -24.578 -23.172 7.216 -25.208 -25.588
3 16 7.284 -24.492 -26.930 6.438 -21.250 -25.464 6.670 -24.578 -23.172
3 16 6.255 -26.943 -31.326 6.204 -29.323 -30.122 5.294 -29.297 -31.571
3 16 6.255 -26.943 -31.326 7.257 -26.956 -28.921 6.204 -29.323 -30.122
3 16 4.392 -28.955 -32.950 3.225 -30.533 -32.353 2.383 -28.397 -36.198
3 16 0.000 -31.191 -32.688 2.383 -28.397 -36.198 3.225 -30.533 -32.353
3 16 0.000 -31.191 -32.688 0.000 -28.867 -36.328 2.383 -28.397 -36.198
3 16 7.097 -24.509 -30.782 7.257 -26.956 -28.921 6.255 -26.943 -31.326
3 16 7.097 -24.509 -30.782 7.312 -24.514 -28.434 7.257 -26.956 -28.921
3 16 7.312 -24.514 -28.434 7.097 -24.509 -30.782 6.557 -22.539 -30.637
3 16 7.312 -24.514 -28.434 6.557 -22.539 -30.637 6.743 -22.608 -28.087
3 16 7.284 -24.492 -26.930 6.743 -22.608 -28.087 6.438 -21.250 -25.464
3 16 7.284 -24.492 -26.930 7.312 -24.514 -28.434 6.743 -22.608 -28.087
3 16 6.743 -22.608 -28.087 5.578 -21.014 -30.862 6.438 -21.250 -25.464
3 16 6.743 -22.608 -28.087 6.557 -22.539 -30.637 5.578 -21.014 -30.862
3 16 6.230 -22.934 -32.893 5.578 -21.014 -30.862 6.557 -22.539 -30.637
3 16 7.097 -24.509 -30.782 6.230 -22.934 -32.893 6.557 -22.539 -30.637
3 16 6.230 -22.934 -32.893 4.307 -22.050 -35.005 5.578 -21.014 -30.862
3 16 7.097 -24.509 -30.782 6.408 -24.919 -33.378 6.230 -22.934 -32.893
3 16 5.586 -24.856 -35.135 6.230 -22.934 -32.893 6.408 -24.919 -33.378
3 16 5.586 -24.856 -35.135 4.307 -22.050 -35.005 6.230 -22.934 -32.893
3 16 5.586 -24.856 -35.135 2.928 -23.437 -38.530 4.307 -22.050 -35.005
3 16 5.586 -24.856 -35.135 3.787 -25.064 -38.707 2.928 -23.437 -38.530
3 16 6.255 -26.943 -31.326 6.408 -24.919 -33.378 7.097 -24.509 -30.782
3 16 6.255 -26.943 -31.326 5.310 -26.712 -33.400 6.408 -24.919 -33.378
3 16 5.586 -24.856 -35.135 6.408 -24.919 -33.378 5.310 -26.712 -33.400
3 16 5.586 -24.856 -35.135 5.310 -26.712 -33.400 4.652 -26.416 -35.515
3 16 3.787 -25.064 -38.707 5.586 -24.856 -35.135 4.652 -26.416 -35.515
3 16 7.257 -26.956 -28.921 8.285 -29.141 -28.470 6.204 -29.323 -30.122
3 16 7.257 -26.956 -28.921 9.107 -27.728 -27.894 8.285 -29.141 -28.470
3 16 7.257 -26.956 -28.921 8.816 -26.002 -27.617 9.107 -27.728 -27.894
3 16 7.257 -26.956 -28.921 7.312 -24.514 -28.434 8.816 -26.002 -27.617
3 16 8.360 -29.024 -27.282 9.107 -27.728 -27.894 9.054 -27.727 -26.930
3 16 8.360 -29.024 -27.282 8.285 -29.141 -28.470 9.107 -27.728 -27.894
3 16 9.054 -27.727 -26.930 9.107 -27.728 -27.894 8.816 -26.002 -27.617
3 16 9.054 -27.727 -26.930 8.816 -26.002 -27.617 8.761 -26.096 -26.762
3 16 8.761 -26.096 -26.762 8.645 -27.639 -26.118 9.054 -27.727 -26.930
3 16 8.761 -26.096 -26.762 8.510 -26.205 -26.009 8.645 -27.639 -26.118
3 16 9.054 -27.727 -26.930 8.064 -28.677 -26.267 8.360 -29.024 -27.282
3 16 9.054 -27.727 -26.930 8.645 -27.639 -26.118 8.064 -28.677 -26.267
3 16 6.612 -27.101 -25.076 8.064 -28.677 -26.267 8.645 -27.639 -26.118
3 16 6.612 -27.101 -25.076 6.161 -29.032 -25.929 8.064 -28.677 -26.267
3 16 8.510 -26.205 -26.009 6.612 -27.101 -25.076 8.645 -27.639 -26.118
3 16 8.510 -26.205 -26.009 7.216 -25.208 -25.588 6.612 -27.101 -25.076
3 16 8.761 -26.096 -26.762 7.216 -25.208 -25.588 8.510 -26.205 -26.009
3 16 8.761 -26.096 -26.762 7.284 -24.492 -26.930 7.216 -25.208 -25.588
3 16 7.284 -24.492 -26.930 8.761 -26.096 -26.762 8.816 -26.002 -27.617
3 16 7.284 -24.492 -26.930 8.816 -26.002 -27.617 7.312 -24.514 -28.434
3 16 8.360 -29.024 -27.282 6.161 -29.032 -25.929 6.037 -29.671 -28.130
3 16 8.360 -29.024 -27.282 8.064 -28.677 -26.267 6.161 -29.032 -25.929
3 16 8.285 -29.141 -28.470 8.360 -29.024 -27.282 6.037 -29.671 -28.130
3 16 8.285 -29.141 -28.470 6.037 -29.671 -28.130 6.204 -29.323 -30.122
3 16 0.000 -9.646 39.503 1.041 -8.652 38.032 0.000 -8.636 38.167
3 16 0.000 -9.646 39.503 1.517 -9.659 39.234 1.041 -8.652 38.032
3 16 1.041 -8.652 38.032 1.517 -9.659 39.234 2.474 -9.641 38.192
3 16 1.041 -8.652 38.032 2.474 -9.641 38.192 1.620 -8.610 37.469
3 16 3.167 -9.593 34.253 1.620 -8.610 37.469 2.474 -9.641 38.192
3 16 3.167 -9.593 34.253 2.334 -8.353 34.166 1.620 -8.610 37.469
3 16 3.998 -9.860 28.486 2.334 -8.353 34.166 3.167 -9.593 34.253
3 16 3.998 -9.860 28.486 2.956 -8.594 28.186 2.334 -8.353 34.166
3 16 5.188 -11.060 23.253 2.956 -8.594 28.186 3.998 -9.860 28.486
3 16 5.188 -11.060 23.253 3.843 -9.936 22.409 2.956 -8.594 28.186
3 16 5.188 -11.060 23.253 4.347 -11.471 17.995 3.843 -9.936 22.409
3 16 5.188 -11.060 23.253 6.850 -12.886 18.243 4.347 -11.471 17.995
3 16 4.853 -11.524 16.462 4.347 -11.471 17.995 6.850 -12.886 18.243
3 16 7.186 -13.086 17.028 7.465 -12.705 15.673 4.853 -11.524 16.462
3 16 6.850 -12.886 18.243 7.186 -13.086 17.028 4.853 -11.524 16.462
3 16 7.406 -11.683 15.173 7.255 -10.553 15.153 4.853 -11.524 16.462
3 16 7.465 -12.705 15.673 7.406 -11.683 15.173 4.853 -11.524 16.462
3 16 4.853 -11.524 16.462 7.255 -10.553 15.153 5.247 -10.294 16.116
3 16 5.247 -10.294 16.116 7.255 -10.553 15.153 7.091 -8.805 15.386
3 16 5.247 -10.294 16.116 7.091 -8.805 15.386 5.443 -8.840 16.327
3 16 5.701 -6.810 17.269 5.443 -8.840 16.327 7.091 -8.805 15.386
3 16 5.701 -6.810 17.269 7.091 -8.805 15.386 7.441 -6.499 16.373
3 16 7.441 -6.499 16.373 6.055 -4.391 18.559 5.701 -6.810 17.269
3 16 7.441 -6.499 16.373 8.695 -4.326 17.584 6.055 -4.391 18.559
3 16 0.000 -8.424 37.165 1.041 -8.652 38.032 1.620 -8.610 37.469
3 16 0.000 -8.424 37.165 0.000 -8.636 38.167 1.041 -8.652 38.032
3 16 2.334 -8.353 34.166 0.000 -8.082 33.963 0.000 -8.424 37.165
3 16 0.000 -8.424 37.165 1.620 -8.610 37.469 2.334 -8.353 34.166
3 16 2.334 -8.353 34.166 0.000 -8.321 28.094 0.000 -8.082 33.963
3 16 2.334 -8.353 34.166 2.956 -8.594 28.186 0.000 -8.321 28.094
3 16 2.956 -8.594 28.186 3.843 -9.936 22.409 0.000 -9.630 22.172
3 16 0.000 -9.630 22.172 0.000 -8.321 28.094 2.956 -8.594 28.186
3 16 3.843 -9.936 22.409 4.347 -11.471 17.995 0.000 -10.982 18.099
3 16 0.000 -10.982 18.099 0.000 -9.630 22.172 3.843 -9.936 22.409
3 16 0.000 -11.065 16.545 0.000 -10.982 18.099 4.347 -11.471 17.995
3 16 0.000 -11.065 16.545 4.347 -11.471 17.995 4.853 -11.524 16.462
3 16 0.000 -11.065 16.545 4.853 -11.524 16.462 5.247 -10.294 16.116
3 16 5.247 -10.294 16.116 1.428 -10.350 16.550 0.000 -11.065 16.545
3 16 2.002 -8.977 16.573 1.428 -10.350 16.550 5.247 -10.294 16.116
3 16 2.002 -8.977 16.573 5.247 -10.294 16.116 5.443 -8.840 16.327
3 16 2.002 -6.920 17.503 2.002 -8.977 16.573 5.443 -8.840 16.327
3 16 2.002 -6.920 17.503 5.443 -8.840 16.327 5.701 -6.810 17.269
3 16 5.701 -6.810 17.269 6.055 -4.391 18.559 2.021 -4.500 18.858
3 16 2.021 -4.500 18.858 2.002 -6.920 17.503 5.701 -6.810 17.269
3 16 8.678 -14.556 7.930 7.723 -19.673 14.838 8.524 -21.987 9.866
3 16 8.992 -22.743 4.095 8.678 -14.556 7.930 8.524 -21.987 9.866
3 16 6.000 -5.534 10.359 7.515 -6.208 10.822 5.987 -5.864 10.068
3 16 6.000 -5.534 10.359 7.605 -5.717 11.185 7.515 -6.208 10.822
3 16 5.987 -5.864 10.068 7.515 -6.208 10.822 7.570 -6.694 8.667
3 16 5.987 -5.864 10.068 7.570 -6.694 8.667 6.220 -6.491 8.595
3 16 7.570 -6.694 8.667 6.100 -7.335 5.904 6.220 -6.491 8.595
3 16 7.570 -6.694 8.667 7.765 -7.812 6.107 6.100 -7.335 5.904
3 16 7.765 -7.812 6.107 5.965 -8.486 3.392 6.100 -7.335 5.904
3 16 7.990 -9.124 4.589 8.239 -10.834 3.556 5.965 -8.486 3.392
3 16 7.765 -7.812 6.107 7.990 -9.124 4.589 5.965 -8.486 3.392
3 16 0.000 -11.023 14.632 1.428 -10.350 16.550 1.127 -10.475 14.213
3 16 0.000 -11.023 14.632 0.000 -11.065 16.545 1.428 -10.350 16.550
3 16 1.428 -10.350 16.550 2.002 -8.977 16.573 1.795 -9.058 13.490
3 16 1.795 -9.058 13.490 1.127 -10.475 14.213 1.428 -10.350 16.550
3 16 7.846 -5.101 10.833 6.000 -5.534 10.359 6.000 -5.222 10.200
3 16 7.846 -5.101 10.833 7.605 -5.717 11.185 6.000 -5.534 10.359
3 16 7.897 -4.088 8.090 7.846 -5.101 10.833 6.000 -5.222 10.200
3 16 7.897 -4.088 8.090 6.000 -5.222 10.200 6.141 -4.075 7.826
3 16 7.897 -4.088 8.090 6.160 -2.780 7.302 8.610 -2.905 7.632
3 16 7.897 -4.088 8.090 6.141 -4.075 7.826 6.160 -2.780 7.302
3 16 8.470 0.000 7.503 8.610 -2.905 7.632 6.160 -2.780 7.302
3 16 8.470 0.000 7.503 6.160 -2.780 7.302 6.154 0.000 7.284
3 16 8.535 0.000 16.906 8.712 -3.650 12.750 8.384 0.000 12.519
3 16 8.535 0.000 16.906 8.695 -4.326 17.584 8.712 -3.650 12.750
3 16 8.384 0.000 12.519 8.712 -3.650 12.750 8.610 -2.905 7.632
3 16 8.384 0.000 12.519 8.610 -2.905 7.632 8.470 0.000 7.503
3 16 6.055 -4.391 18.559 2.221 0.000 17.857 2.021 -4.500 18.858
3 16 6.055 -4.391 18.559 5.923 0.000 17.764 2.221 0.000 17.857
3 16 5.923 0.000 17.764 8.695 -4.326 17.584 8.535 0.000 16.906
3 16 5.923 0.000 17.764 6.055 -4.391 18.559 8.695 -4.326 17.584
3 16 6.000 -5.222 10.200 6.000 -5.534 10.359 5.950 -5.501 10.526
3 16 6.000 0.000 10.000 6.000 -5.222 10.200 5.950 -5.501 10.526
3 16 5.950 -5.501 10.526 5.543 0.000 12.296 6.000 0.000 10.000
3 16 5.543 -5.501 12.296 5.543 0.000 12.296 5.950 -5.501 10.526
3 16 4.243 -5.501 14.243 4.243 0.000 14.243 5.543 0.000 12.296
3 16 5.543 0.000 12.296 5.543 -5.501 12.296 4.243 -5.501 14.243
3 16 4.243 -5.501 14.243 2.296 -5.501 15.543 2.296 0.000 15.543
3 16 2.296 0.000 15.543 4.243 0.000 14.243 4.243 -5.501 14.243
3 16 2.296 -5.501 15.543 2.221 0.000 17.857 2.296 0.000 15.543
3 16 6.160 -2.780 7.302 6.141 -4.075 7.826 6.000 -5.222 10.200
3 16 6.000 -5.222 10.200 6.000 0.000 10.000 6.160 -2.780 7.302
3 16 6.160 -2.780 7.302 6.000 0.000 10.000 6.154 0.000 7.284
3 16 5.987 -5.864 10.068 5.950 -5.501 10.526 6.000 -5.534 10.359
3 16 3.109 -5.501 9.620 5.987 -5.864 10.068 3.372 -6.110 8.764
3 16 3.109 -5.501 9.620 5.950 -5.501 10.526 5.987 -5.864 10.068
3 16 3.372 -6.110 8.764 5.987 -5.864 10.068 6.220 -6.491 8.595
3 16 6.220 -6.491 8.595 3.771 -6.898 6.228 3.372 -6.110 8.764
3 16 6.220 -6.491 8.595 6.100 -7.335 5.904 3.771 -6.898 6.228
3 16 6.100 -7.335 5.904 5.965 -8.486 3.392 3.800 -8.254 3.347
3 16 3.800 -8.254 3.347 3.771 -6.898 6.228 6.100 -7.335 5.904
3 16 5.543 -5.501 12.296 5.950 -5.501 10.526 3.109 -5.501 9.620
3 16 3.109 -5.501 9.620 2.368 -5.501 11.871 5.543 -5.501 12.296
3 16 2.368 -5.501 11.871 2.296 -5.501 15.543 4.243 -5.501 14.243
3 16 4.243 -5.501 14.243 5.543 -5.501 12.296 2.368 -5.501 11.871
3 16 2.221 0.000 17.857 2.296 -5.501 15.543 2.021 -4.500 18.858
3 16 2.296 -5.501 15.543 2.002 -6.920 17.503 2.021 -4.500 18.858
3 16 2.296 -5.501 15.543 2.002 -8.977 16.573 2.002 -6.920 17.503
3 16 2.002 -8.977 16.573 2.296 -5.501 15.543 2.368 -5.501 11.871
3 16 2.368 -5.501 11.871 1.795 -9.058 13.490 2.002 -8.977 16.573
3 16 1.795 -9.058 13.490 2.368 -5.501 11.871 2.304 -7.483 11.767
3 16 3.109 -5.501 9.620 2.304 -7.483 11.767 2.368 -5.501 11.871
3 16 3.109 -5.501 9.620 3.372 -6.110 8.764 2.304 -7.483 11.767
3 16 2.373 -21.740 11.784 2.304 -7.483 11.767 3.372 -6.110 8.764
3 16 1.795 -9.058 13.490 2.304 -7.483 11.767 2.373 -21.740 11.784
3 16 2.373 -21.740 11.784 3.372 -6.110 8.764 3.482 -23.728 7.582
3 16 3.372 -6.110 8.764 3.771 -6.898 6.228 3.482 -23.728 7.582
3 16 3.800 -8.254 3.347 3.482 -23.728 7.582 3.771 -6.898 6.228
3 16 3.800 -8.254 3.347 3.728 -24.790 2.621 3.482 -23.728 7.582
3 16 3.679 -23.569 -3.169 3.728 -24.790 2.621 3.800 -8.254 3.347
3 16 3.679 -23.569 -3.169 3.800 -8.254 3.347 3.837 -7.246 0.620
3 16 3.679 -23.569 -3.169 3.837 -7.246 0.620 3.794 -7.013 -2.284
3 16 3.679 -23.569 -3.169 3.794 -7.013 -2.284 3.696 -7.412 -4.993
3 16 3.696 -7.412 -4.993 2.977 -22.516 -9.439 3.679 -23.569 -3.169
3 16 3.696 -7.412 -4.993 3.428 -7.939 -7.694 2.977 -22.516 -9.439
3 16 3.428 -7.939 -7.694 3.270 -7.671 -8.522 2.977 -22.516 -9.439
3 16 2.977 -22.516 -9.439 3.270 -7.671 -8.522 2.153 -9.633 -12.731
3 16 2.137 -6.974 -12.477 2.153 -9.633 -12.731 3.270 -7.671 -8.522
3 16 2.137 -6.974 -12.477 3.270 -7.671 -8.522 3.154 -6.877 -8.947
3 16 2.558 -5.501 -12.312 2.137 -6.974 -12.477 3.154 -6.877 -8.947
3 16 2.558 -5.501 -12.312 3.154 -6.877 -8.947 3.383 -5.501 -9.091
3 16 2.137 -6.974 -12.477 2.558 -5.501 -12.312 2.539 -5.501 -15.381
3 16 2.137 -6.974 -12.477 2.539 -5.501 -15.381 2.147 -6.422 -16.322
3 16 2.977 -22.516 -9.439 2.153 -9.633 -12.731 2.127 -22.691 -14.134
3 16 2.153 -9.633 -12.731 2.137 -6.974 -12.477 2.002 -7.595 -16.895
3 16 2.002 -7.595 -16.895 2.088 -23.556 -17.931 2.153 -9.633 -12.731
3 16 2.137 -6.974 -12.477 2.147 -6.422 -16.322 2.002 -7.595 -16.895
3 16 2.153 -9.633 -12.731 2.088 -23.556 -17.931 2.127 -22.691 -14.134
3 16 2.002 -7.595 -16.895 2.149 -10.136 -19.067 2.088 -23.556 -17.931
3 16 1.727 -11.271 -20.443 2.088 -23.556 -17.931 2.149 -10.136 -19.067
3 16 1.727 -11.271 -20.443 1.712 -24.326 -20.177 2.088 -23.556 -17.931
3 16 1.712 -24.326 -20.177 1.727 -11.271 -20.443 0.946 -11.838 -21.106
3 16 1.712 -24.326 -20.177 0.946 -11.838 -21.106 0.909 -24.437 -21.031
3 16 0.000 -12.049 -21.310 0.000 -24.437 -21.224 0.909 -24.437 -21.031
3 16 0.909 -24.437 -21.031 0.946 -11.838 -21.106 0.000 -12.049 -21.310
3 16 3.800 -8.254 3.347 6.055 -7.395 0.623 3.837 -7.246 0.620
3 16 3.800 -8.254 3.347 5.965 -8.486 3.392 6.055 -7.395 0.623
3 16 6.055 -7.395 0.623 3.794 -7.013 -2.284 3.837 -7.246 0.620
3 16 6.055 -7.395 0.623 6.051 -7.225 -2.355 3.794 -7.013 -2.284
3 16 3.696 -7.412 -4.993 3.794 -7.013 -2.284 6.051 -7.225 -2.355
3 16 3.696 -7.412 -4.993 6.051 -7.225 -2.355 6.162 -7.523 -5.087
3 16 6.162 -7.523 -5.087 3.428 -7.939 -7.694 3.696 -7.412 -4.993
3 16 6.162 -7.523 -5.087 6.654 -8.216 -7.741 3.428 -7.939 -7.694
3 16 3.428 -7.939 -7.694 6.654 -8.216 -7.741 6.304 -8.080 -8.751
3 16 3.428 -7.939 -7.694 6.304 -8.080 -8.751 3.270 -7.671 -8.522
3 16 6.228 -7.299 -9.223 3.270 -7.671 -8.522 6.304 -8.080 -8.751
3 16 6.228 -7.299 -9.223 3.154 -6.877 -8.947 3.270 -7.671 -8.522
3 16 6.228 -7.299 -9.223 6.372 -5.947 -9.335 3.154 -6.877 -8.947
3 16 3.383 -5.501 -9.091 3.154 -6.877 -8.947 6.372 -5.947 -9.335
3 16 3.383 -5.501 -9.091 6.372 -5.947 -9.335 5.838 -5.501 -9.185
3 16 5.838 -5.501 -9.185 6.372 -5.947 -9.335 7.546 -3.677 -8.885
3 16 5.838 -5.501 -9.185 7.546 -3.677 -8.885 6.262 -3.692 -8.831
3 16 2.296 -3.848 -15.543 4.243 0.000 -14.243 2.296 0.000 -15.543
3 16 2.539 -5.501 -15.381 4.243 -5.501 -14.243 4.243 0.000 -14.243
3 16 4.243 0.000 -14.243 2.296 -3.848 -15.543 2.539 -5.501 -15.381
3 16 4.243 0.000 -14.243 4.243 -5.501 -14.243 5.543 -5.501 -12.296
3 16 5.543 -5.501 -12.296 5.543 0.000 -12.296 4.243 0.000 -14.243
3 16 5.543 -5.501 -12.296 6.000 -5.501 -10.000 6.000 0.000 -10.000
3 16 6.000 0.000 -10.000 5.543 0.000 -12.296 5.543 -5.501 -12.296
3 16 6.000 -5.501 -10.000 5.838 -5.501 -9.185 6.262 -3.692 -8.831
3 16 6.000 0.000 -10.000 6.000 -5.501 -10.000 6.262 -3.692 -8.831
3 16 6.262 -3.692 -8.831 6.271 0.000 -8.763 6.000 0.000 -10.000
3 16 7.546 -3.677 -8.885 6.271 0.000 -8.763 6.262 -3.692 -8.831
3 16 7.546 -3.677 -8.885 7.537 0.000 -8.882 6.271 0.000 -8.763
3 16 8.712 0.000 -9.920 7.537 0.000 -8.882 7.546 -3.677 -8.885
3 16 7.546 -3.677 -8.885 8.664 -3.812 -9.855 8.712 0.000 -9.920
3 16 5.543 -5.501 -12.296 4.243 -5.501 -14.243 2.558 -5.501 -12.312
3 16 2.558 -5.501 -12.312 6.000 -5.501 -10.000 5.543 -5.501 -12.296
3 16 4.243 -5.501 -14.243 2.539 -5.501 -15.381 2.558 -5.501 -12.312
3 16 3.383 -5.501 -9.091 5.838 -5.501 -9.185 6.000 -5.501 -10.000
3 16 6.000 -5.501 -10.000 2.558 -5.501 -12.312 3.383 -5.501 -9.091
3 16 -1.066 -19.606 14.512 0.000 -11.023 14.632 0.000 -19.323 14.812
3 16 1.795 -9.058 13.490 2.373 -21.740 11.784 1.957 -20.394 13.551
3 16 1.127 -10.475 14.213 1.795 -9.058 13.490 1.957 -20.394 13.551
3 16 1.127 -10.475 14.213 1.957 -20.394 13.551 1.066 -19.606 14.512
3 16 0.000 -11.023 14.632 1.127 -10.475 14.213 1.066 -19.606 14.512
3 16 0.000 -11.023 14.632 1.066 -19.606 14.512 0.000 -19.323 14.812
3 16 0.000 -23.568 -17.922 2.088 -23.556 -17.931 1.712 -24.326 -20.177
3 16 1.712 -24.326 -20.177 0.000 -24.292 -20.005 0.000 -23.568 -17.922
3 16 0.909 -24.437 -21.031 0.000 -24.292 -20.005 1.712 -24.326 -20.177
3 16 0.909 -24.437 -21.031 0.000 -24.437 -21.224 0.000 -24.292 -20.005
3 16 0.000 -23.568 -17.922 0.000 -22.672 -14.034 2.127 -22.691 -14.134
3 16 2.127 -22.691 -14.134 2.088 -23.556 -17.931 0.000 -23.568 -17.922
3 16 2.127 -22.691 -14.134 0.000 -22.672 -14.034 0.000 -22.587 -9.263
3 16 2.127 -22.691 -14.134 0.000 -22.587 -9.263 2.977 -22.516 -9.439
3 16 2.977 -22.516 -9.439 0.000 -22.587 -9.263 0.000 -23.759 -3.135
3 16 2.977 -22.516 -9.439 0.000 -23.759 -3.135 3.679 -23.569 -3.169
3 16 3.728 -24.790 2.621 0.000 -23.759 -3.135 0.000 -24.806 2.904
3 16 3.728 -24.790 2.621 3.679 -23.569 -3.169 0.000 -23.759 -3.135
3 16 0.000 -24.806 2.904 0.000 -23.781 7.617 3.482 -23.728 7.582
3 16 3.482 -23.728 7.582 3.728 -24.790 2.621 0.000 -24.806 2.904
3 16 2.373 -21.740 11.784 3.482 -23.728 7.582 0.000 -23.781 7.617
3 16 0.000 -23.781 7.617 0.000 -21.848 11.627 2.373 -21.740 11.784
3 16 0.000 -21.848 11.627 0.000 -20.376 13.575 1.957 -20.394 13.551
3 16 1.957 -20.394 13.551 2.373 -21.740 11.784 0.000 -21.848 11.627
3 16 0.000 -20.376 13.575 1.066 -19.606 14.512 1.957 -20.394 13.551
3 16 0.000 -20.376 13.575 0.000 -19.323 14.812 1.066 -19.606 14.512
3 16 7.537 0.000 -8.882 8.712 0.000 -9.920 6.000 0.000 -10.000
3 16 6.000 0.000 -10.000 6.271 0.000 -8.763 7.537 0.000 -8.882
3 16 8.712 0.000 -9.920 8.660 0.000 -18.302 5.543 0.000 -12.296
3 16 5.543 0.000 -12.296 6.000 0.000 -10.000 8.712 0.000 -9.920
3 16 8.660 0.000 -18.302 2.987 0.000 -18.681 4.243 0.000 -14.243
3 16 4.243 0.000 -14.243 5.543 0.000 -12.296 8.660 0.000 -18.302
3 16 2.518 0.000 -18.343 2.115 0.000 -17.287 4.243 0.000 -14.243
3 16 4.243 0.000 -14.243 2.987 0.000 -18.681 2.518 0.000 -18.343
3 16 2.115 0.000 -17.287 2.296 0.000 -15.543 4.243 0.000 -14.243
3 16 8.470 0.000 7.503 6.154 0.000 7.284 6.000 0.000 10.000
3 16 6.000 0.000 10.000 5.543 0.000 12.296 8.384 0.000 12.519
3 16 8.384 0.000 12.519 8.470 0.000 7.503 6.000 0.000 10.000
3 16 5.543 0.000 12.296 4.243 0.000 14.243 8.535 0.000 16.906
3 16 8.535 0.000 16.906 8.384 0.000 12.519 5.543 0.000 12.296
3 16 4.243 0.000 14.243 2.296 0.000 15.543 5.923 0.000 17.764
3 16 5.923 0.000 17.764 8.535 0.000 16.906 4.243 0.000 14.243
3 16 5.923 0.000 17.764 2.296 0.000 15.543 2.221 0.000 17.857
2 24 0.946 -11.838 -21.106 1.727 -11.271 -20.443
2 24 7.887 -17.262 -21.950 7.884 -19.951 -22.095
2 24 7.685 -12.565 -18.610 7.887 -17.262 -21.950
2 24 1.727 -11.271 -20.443 2.149 -10.136 -19.067
2 24 7.609 -9.068 -16.322 7.685 -12.565 -18.610
2 24 7.517 -7.066 -14.903 7.609 -9.068 -16.322
2 24 7.660 -5.754 -14.679 7.517 -7.066 -14.903
2 24 2.147 -6.422 -16.322 2.131 -5.366 -16.557
2 24 8.660 -3.902 -15.458 7.660 -5.754 -14.679
2 24 2.131 -5.366 -16.557 2.071 -4.493 -17.275
2 24 2.071 -4.493 -17.275 2.630 -3.292 -18.378
2 24 2.630 -3.292 -18.378 3.136 -2.939 -18.694
2 24 3.136 -2.939 -18.694 5.717 -2.860 -18.470
2 24 8.725 -2.763 -18.183 8.660 -3.902 -15.458
2 24 5.717 -2.860 -18.470 8.725 -2.763 -18.183
2 24 2.002 -7.595 -16.895 2.147 -6.422 -16.322
2 24 2.149 -10.136 -19.067 2.002 -7.595 -16.895
2 24 7.884 -19.951 -22.095 7.942 -22.064 -20.559
2 24 7.942 -22.064 -20.559 8.027 -22.708 -18.867
2 24 4.877 -26.256 -16.889 4.708 -28.070 -21.602
2 24 8.027 -22.708 -18.867 8.275 -22.364 -16.833
2 24 5.197 -25.586 -13.781 4.877 -26.256 -16.889
2 24 5.517 -25.436 -10.673 5.197 -25.586 -13.781
2 24 8.582 -21.404 -13.704 8.889 -20.963 -10.575
2 24 8.275 -22.364 -16.833 8.582 -21.404 -13.704
2 24 8.889 -20.963 -10.575 8.994 -21.615 -3.303
2 24 6.142 -26.527 -3.782 5.517 -25.436 -10.673
2 24 8.994 -21.615 -3.303 8.992 -22.743 4.095
2 24 6.347 -27.324 4.005 6.142 -26.527 -3.782
2 24 6.034 -26.552 7.480 6.347 -27.324 4.005
2 24 5.634 -25.401 10.857 6.034 -26.552 7.480
2 24 8.992 -22.743 4.095 8.524 -21.987 9.866
2 24 4.833 -22.215 16.055 5.634 -25.401 10.857
2 24 8.524 -21.987 9.866 7.723 -19.673 14.838
2 24 3.945 -18.242 20.396 4.833 -22.215 16.055
2 24 7.723 -19.673 14.838 6.193 -16.070 19.545
2 24 3.028 -15.105 24.549 3.945 -18.242 20.396
2 24 6.193 -16.070 19.545 4.920 -12.856 24.249
2 24 2.559 -12.932 29.243 3.028 -15.105 24.549
2 24 4.920 -12.856 24.249 3.948 -11.305 28.934
2 24 3.948 -11.305 28.934 3.207 -10.864 34.327
2 24 1.948 -12.465 33.968 2.559 -12.932 29.243
2 24 1.305 -12.700 37.421 1.948 -12.465 33.968
2 24 3.207 -10.864 34.327 2.510 -11.264 38.228
2 24 0.806 -12.705 38.013 1.305 -12.700 37.421
2 24 2.510 -11.264 38.228 1.524 -11.453 39.314
2 24 1.524 -11.453 39.314 0.000 -11.445 39.590
2 24 0.000 -12.671 38.161 0.806 -12.705 38.013
2 24 8.712 0.000 -9.920 8.664 -3.812 -9.855
2 24 8.664 -3.812 -9.855 8.660 -3.902 -15.458
2 24 8.725 -2.763 -18.183 8.660 0.000 -18.302
2 24 8.660 0.000 -18.302 8.712 0.000 -9.920
2 24 2.987 0.000 -18.681 8.660 0.000 -18.302
2 24 2.518 0.000 -18.343 2.987 0.000 -18.681
2 24 2.630 -3.292 -18.378 2.518 0.000 -18.343
2 24 2.296 -3.848 -15.543 2.296 0.000 -15.543
2 24 2.539 -5.501 -15.381 2.296 -3.848 -15.543
2 24 8.664 -3.812 -9.855 7.637 -5.850 -10.111
2 24 7.637 -5.850 -10.111 7.810 -8.749 -10.241
2 24 7.810 -8.749 -10.241 8.079 -9.975 -9.440
2 24 8.079 -9.975 -9.440 8.180 -10.414 -8.076
2 24 8.088 -9.472 -5.194 8.053 -9.295 -2.166
2 24 8.180 -10.414 -8.076 8.088 -9.472 -5.194
2 24 8.122 -9.747 0.781 8.239 -10.834 3.556
2 24 8.053 -9.295 -2.166 8.122 -9.747 0.781
2 24 7.990 -9.124 4.589 7.765 -7.812 6.107
2 24 8.239 -10.834 3.556 7.990 -9.124 4.589
2 24 7.186 -13.086 17.028 6.850 -12.886 18.243
2 24 7.465 -12.705 15.673 7.186 -13.086 17.028
2 24 6.850 -12.886 18.243 5.188 -11.060 23.253
2 24 5.188 -11.060 23.253 3.998 -9.860 28.486
2 24 3.998 -9.860 28.486 3.167 -9.593 34.253
2 24 3.167 -9.593 34.253 2.474 -9.641 38.192
2 24 2.474 -9.641 38.192 1.517 -9.659 39.234
2 24 1.517 -9.659 39.234 0.000 -9.646 39.503
2 24 7.406 -11.683 15.173 7.465 -12.705 15.673
2 24 7.255 -10.553 15.153 7.406 -11.683 15.173
2 24 7.091 -8.805 15.386 7.255 -10.553 15.153
2 24 7.570 -6.694 8.667 7.515 -6.208 10.822
2 24 7.765 -7.812 6.107 7.570 -6.694 8.667
2 24 7.515 -6.208 10.822 7.605 -5.717 11.185
2 24 7.441 -6.499 16.373 7.091 -8.805 15.386
2 24 8.695 -4.326 17.584 7.441 -6.499 16.373
2 24 8.712 -3.650 12.750 8.695 -4.326 17.584
2 24 7.605 -5.717 11.185 7.846 -5.101 10.833
2 24 8.610 -2.905 7.632 8.712 -3.650 12.750
2 24 7.846 -5.101 10.833 7.897 -4.088 8.090
2 24 7.897 -4.088 8.090 8.610 -2.905 7.632
2 24 6.304 -8.080 -8.751 6.654 -8.216 -7.741
2 24 6.228 -7.299 -9.223 6.304 -8.080 -8.751
2 24 6.654 -8.216 -7.741 6.162 -7.523 -5.087
2 24 6.162 -7.523 -5.087 6.051 -7.225 -2.355
2 24 6.051 -7.225 -2.355 6.055 -7.395 0.623
2 24 6.055 -7.395 0.623 5.965 -8.486 3.392
2 24 5.965 -8.486 3.392 8.239 -10.834 3.556
2 24 6.372 -5.947 -9.335 6.228 -7.299 -9.223
2 24 7.546 -3.677 -8.885 6.372 -5.947 -9.335
2 24 8.664 -3.812 -9.855 7.546 -3.677 -8.885
2 24 3.225 -30.533 -32.353 4.237 -30.801 -29.025
2 24 4.237 -30.801 -29.025 4.811 -29.816 -25.708
2 24 4.811 -29.816 -25.708 4.708 -28.070 -21.602
2 24 6.037 -29.671 -28.130 6.161 -29.032 -25.929
2 24 6.204 -29.323 -30.122 6.037 -29.671 -28.130
2 24 5.294 -29.297 -31.571 6.204 -29.323 -30.122
2 24 4.392 -28.955 -32.950 5.294 -29.297 -31.571
2 24 6.161 -29.032 -25.929 6.612 -27.101 -25.076
2 24 6.612 -27.101 -25.076 7.216 -25.208 -25.588
2 24 7.216 -25.208 -25.588 7.284 -24.492 -26.930
2 24 7.257 -26.956 -28.921 6.204 -29.323 -30.122
2 24 2.383 -28.397 -36.198 4.392 -28.955 -32.950
2 24 7.312 -24.514 -28.434 7.257 -26.956 -28.921
2 24 7.284 -24.492 -26.930 7.312 -24.514 -28.434
2 24 8.285 -29.141 -28.470 6.204 -29.323 -30.122
2 24 9.107 -27.728 -27.894 8.285 -29.141 -28.470
2 24 8.816 -26.002 -27.617 9.107 -27.728 -27.894
2 24 7.312 -24.514 -28.434 8.816 -26.002 -27.617
2 24 8.360 -29.024 -27.282 8.285 -29.141 -28.470
2 24 8.816 -26.002 -27.617 8.761 -26.096 -26.762
2 24 8.761 -26.096 -26.762 8.510 -26.205 -26.009
2 24 8.510 -26.205 -26.009 8.645 -27.639 -26.118
2 24 8.064 -28.677 -26.267 8.360 -29.024 -27.282
2 24 8.645 -27.639 -26.118 8.064 -28.677 -26.267
2 24 6.161 -29.032 -25.929 8.064 -28.677 -26.267
2 24 8.510 -26.205 -26.009 7.216 -25.208 -25.588
2 24 1.041 -8.652 38.032 0.000 -8.636 38.167
2 24 1.620 -8.610 37.469 1.041 -8.652 38.032
2 24 2.334 -8.353 34.166 1.620 -8.610 37.469
2 24 2.956 -8.594 28.186 2.334 -8.353 34.166
2 24 3.843 -9.936 22.409 2.956 -8.594 28.186
2 24 4.347 -11.471 17.995 3.843 -9.936 22.409
2 24 4.853 -11.524 16.462 4.347 -11.471 17.995
2 24 5.247 -10.294 16.116 4.853 -11.524 16.462
2 24 5.443 -8.840 16.327 5.247 -10.294 16.116
2 24 5.701 -6.810 17.269 5.443 -8.840 16.327
2 24 6.055 -4.391 18.559 5.701 -6.810 17.269
2 24 8.695 -4.326 17.584 6.055 -4.391 18.559
2 24 4.853 -11.524 16.462 0.000 -11.065 16.545
2 24 1.428 -10.350 16.550 0.000 -11.065 16.545
2 24 2.002 -8.977 16.573 1.428 -10.350 16.550
2 24 2.002 -6.920 17.503 2.002 -8.977 16.573
2 24 2.021 -4.500 18.858 2.002 -6.920 17.503
2 24 6.055 -4.391 18.559 2.021 -4.500 18.858
2 24 5.987 -5.864 10.068 6.000 -5.534 10.359
2 24 6.000 -5.534 10.359 7.605 -5.717 11.185
2 24 6.220 -6.491 8.595 5.987 -5.864 10.068
2 24 6.100 -7.335 5.904 6.220 -6.491 8.595
2 24 5.965 -8.486 3.392 6.100 -7.335 5.904
2 24 1.127 -10.475 14.213 0.000 -11.023 14.632
2 24 2.002 -8.977 16.573 1.795 -9.058 13.490
2 24 1.795 -9.058 13.490 1.127 -10.475 14.213
2 24 6.000 -5.534 10.359 6.000 -5.222 10.200
2 24 6.000 -5.222 10.200 6.141 -4.075 7.826
2 24 6.141 -4.075 7.826 7.897 -4.088 8.090
2 24 6.141 -4.075 7.826 6.160 -2.780 7.302
2 24 8.470 0.000 7.503 8.610 -2.905 7.632
2 24 6.160 -2.780 7.302 6.154 0.000 7.284
2 24 6.154 0.000 7.284 8.470 0.000 7.503
2 24 8.384 0.000 12.519 8.535 0.000 16.906
2 24 8.535 0.000 16.906 8.695 -4.326 17.584
2 24 8.470 0.000 7.503 8.384 0.000 12.519
2 24 2.221 0.000 17.857 2.021 -4.500 18.858
2 24 6.055 -4.391 18.559 5.923 0.000 17.764
2 24 5.923 0.000 17.764 2.221 0.000 17.857
2 24 8.535 0.000 16.906 5.923 0.000 17.764
2 24 5.543 0.000 12.296 6.000 0.000 10.000
2 24 5.950 -5.501 10.526 5.543 -5.501 12.296
2 24 5.543 -5.501 12.296 4.243 -5.501 14.243
2 24 4.243 0.000 14.243 5.543 0.000 12.296
2 24 2.296 0.000 15.543 4.243 0.000 14.243
2 24 4.243 -5.501 14.243 2.296 -5.501 15.543
2 24 2.221 0.000 17.857 2.296 0.000 15.543
2 24 6.000 0.000 10.000 6.154 0.000 7.284
2 24 5.987 -5.864 10.068 5.950 -5.501 10.526
2 24 3.372 -6.110 8.764 3.109 -5.501 9.620
2 24 3.109 -5.501 9.620 5.950 -5.501 10.526
2 24 3.771 -6.898 6.228 3.372 -6.110 8.764
2 24 3.800 -8.254 3.347 3.771 -6.898 6.228
2 24 5.965 -8.486 3.392 3.800 -8.254 3.347
2 24 3.109 -5.501 9.620 2.368 -5.501 11.871
2 24 2.368 -5.501 11.871 2.296 -5.501 15.543
2 24 3.482 -23.728 7.582 2.373 -21.740 11.784
2 24 3.728 -24.790 2.621 3.482 -23.728 7.582
2 24 3.679 -23.569 -3.169 3.728 -24.790 2.621
2 24 3.800 -8.254 3.347 3.837 -7.246 0.620
2 24 3.837 -7.246 0.620 3.794 -7.013 -2.284
2 24 3.794 -7.013 -2.284 3.696 -7.412 -4.993
2 24 2.977 -22.516 -9.439 3.679 -23.569 -3.169
2 24 3.696 -7.412 -4.993 3.428 -7.939 -7.694
2 24 3.428 -7.939 -7.694 3.270 -7.671 -8.522
2 24 3.270 -7.671 -8.522 3.154 -6.877 -8.947
2 24 3.154 -6.877 -8.947 3.383 -5.501 -9.091
2 24 3.383 -5.501 -9.091 2.558 -5.501 -12.312
2 24 2.558 -5.501 -12.312 2.539 -5.501 -15.381
2 24 2.127 -22.691 -14.134 2.977 -22.516 -9.439
2 24 2.088 -23.556 -17.931 2.127 -22.691 -14.134
2 24 1.712 -24.326 -20.177 2.088 -23.556 -17.931
2 24 0.909 -24.437 -21.031 1.712 -24.326 -20.177
2 24 0.000 -24.437 -21.224 0.909 -24.437 -21.031
2 24 5.838 -5.501 -9.185 3.383 -5.501 -9.091
2 24 7.546 -3.677 -8.885 6.262 -3.692 -8.831
2 24 6.262 -3.692 -8.831 5.838 -5.501 -9.185
2 24 4.243 0.000 -14.243 2.296 0.000 -15.543
2 24 5.543 0.000 -12.296 4.243 0.000 -14.243
2 24 6.000 0.000 -10.000 5.543 0.000 -12.296
2 24 2.539 -5.501 -15.381 4.243 -5.501 -14.243
2 24 4.243 -5.501 -14.243 5.543 -5.501 -12.296
2 24 5.543 -5.501 -12.296 6.000 -5.501 -10.000
2 24 6.000 -5.501 -10.000 5.838 -5.501 -9.185
2 24 6.262 -3.692 -8.831 6.271 0.000 -8.763
2 24 6.271 0.000 -8.763 6.000 0.000 -10.000
2 24 7.546 -3.677 -8.885 7.537 0.000 -8.882
2 24 7.537 0.000 -8.882 6.271 0.000 -8.763
2 24 8.712 0.000 -9.920 7.537 0.000 -8.882
2 24 2.373 -21.740 11.784 1.957 -20.394 13.551
2 24 1.957 -20.394 13.551 1.066 -19.606 14.512
2 24 1.066 -19.606 14.512 0.000 -19.323 14.812
2 24 2.115 0.000 -17.287 2.296 0.000 -15.543
2 24 2.115 0.000 -17.287 2.518 0.000 -18.343
2 24 0.000 -12.049 -21.310 0.946 -11.838 -21.106
2 24 2.539 -5.501 -15.381 4.243 -5.501 -14.243
2 24 4.243 -5.501 -14.243 5.543 -5.501 -12.296
2 24 6.000 -5.501 -10.000 5.543 -5.501 -12.296
2 24 6.000 -5.501 -10.000 5.838 -5.501 -9.185
2 24 5.972 -5.813 10.142 5.987 -5.864 10.068
2 24 5.950 -5.501 10.526 5.972 -5.813 10.142
2 24 4.243 -5.501 14.243 2.296 -5.501 15.543
2 24 5.543 -5.501 12.296 5.950 -5.501 10.526
2 24 5.543 -5.501 12.296 4.243 -5.501 14.243
2 24 2.296 -5.501 15.543 2.296 0.000 15.543
3 16 0.000 -14.397 -23.972 -0.946 -11.838 -21.106 0.000 -12.049 -21.310
3 16 0.000 -14.397 -23.972 0.000 -16.479 -26.202 -2.695 -14.370 -23.618
3 16 -2.695 -14.370 -23.618 -0.946 -11.838 -21.106 0.000 -14.397 -23.972
3 16 0.000 -16.479 -26.202 -3.686 -16.756 -25.782 -2.695 -14.370 -23.618
3 16 -0.946 -11.838 -21.106 -2.695 -14.370 -23.618 -1.727 -11.271 -20.443
3 16 -2.695 -14.370 -23.618 -5.278 -13.214 -21.598 -1.727 -11.271 -20.443
3 16 -2.695 -14.370 -23.618 -3.686 -16.756 -25.782 -5.278 -13.214 -21.598
3 16 -3.686 -16.756 -25.782 -7.887 -17.262 -21.950 -5.278 -13.214 -21.598
3 16 -7.887 -17.262 -21.950 -3.686 -16.756 -25.782 -5.907 -18.828 -25.794
3 16 -7.884 -19.951 -22.095 -7.887 -17.262 -21.950 -5.907 -18.828 -25.794
3 16 -6.438 -21.250 -25.464 -7.884 -19.951 -22.095 -5.907 -18.828 -25.794
3 16 -7.887 -17.262 -21.950 -7.685 -12.565 -18.610 -5.278 -13.214 -21.598
3 16 -7.685 -12.565 -18.610 -5.086 -10.812 -19.366 -5.278 -13.214 -21.598
3 16 -1.727 -11.271 -20.443 -5.278 -13.214 -21.598 -5.086 -10.812 -19.366
3 16 -2.149 -10.136 -19.067 -1.727 -11.271 -20.443 -5.086 -10.812 -19.366
3 16 -5.086 -10.812 -19.366 -7.685 -12.565 -18.610 -7.609 -9.068 -16.322
3 16 -4.932 -8.344 -17.118 -5.086 -10.812 -19.366 -7.609 -9.068 -16.322
3 16 -2.149 -10.136 -19.067 -5.086 -10.812 -19.366 -4.932 -8.344 -17.118
3 16 -4.932 -8.344 -17.118 -7.609 -9.068 -16.322 -5.003 -6.710 -16.039
3 16 -7.609 -9.068 -16.322 -7.517 -7.066 -14.903 -5.003 -6.710 -16.039
3 16 -5.003 -6.710 -16.039 -7.517 -7.066 -14.903 -7.660 -5.754 -14.679
3 16 -5.037 -5.376 -16.091 -5.003 -6.710 -16.039 -7.660 -5.754 -14.679
3 16 -2.147 -6.422 -16.322 -5.003 -6.710 -16.039 -5.037 -5.376 -16.091
3 16 -2.131 -5.366 -16.557 -2.147 -6.422 -16.322 -5.037 -5.376 -16.091
3 16 -5.037 -5.376 -16.091 -7.660 -5.754 -14.679 -5.220 -4.223 -17.119
3 16 -7.660 -5.754 -14.679 -8.660 -3.902 -15.458 -5.220 -4.223 -17.119
3 16 -5.220 -4.223 -17.119 -2.071 -4.493 -17.275 -5.037 -5.376 -16.091
3 16 -2.071 -4.493 -17.275 -2.131 -5.366 -16.557 -5.037 -5.376 -16.091
3 16 -5.220 -4.223 -17.119 -2.630 -3.292 -18.378 -2.071 -4.493 -17.275
3 16 -3.136 -2.939 -18.694 -2.630 -3.292 -18.378 -5.220 -4.223 -17.119
3 16 -5.220 -4.223 -17.119 -5.717 -2.860 -18.470 -3.136 -2.939 -18.694
3 16 -8.660 -3.902 -15.458 -8.725 -2.763 -18.183 -5.220 -4.223 -17.119
3 16 -8.725 -2.763 -18.183 -5.717 -2.860 -18.470 -5.220 -4.223 -17.119
3 16 -4.932 -8.344 -17.118 -5.003 -6.710 -16.039 -2.002 -7.595 -16.895
3 16 -5.003 -6.710 -16.039 -2.147 -6.422 -16.322 -2.002 -7.595 -16.895
3 16 -2.002 -7.595 -16.895 -2.149 -10.136 -19.067 -4.932 -8.344 -17.118
3 16 -7.942 -22.064 -20.559 -7.884 -19.951 -22.095 -6.670 -24.578 -23.172
3 16 -7.884 -19.951 -22.095 -6.438 -21.250 -25.464 -6.670 -24.578 -23.172
3 16 -7.942 -22.064 -20.559 -6.670 -24.578 -23.172 -8.027 -22.708 -18.867
3 16 -4.877 -26.256 -16.889 -8.027 -22.708 -18.867 -6.670 -24.578 -23.172
3 16 -6.670 -24.578 -23.172 -4.708 -28.070 -21.602 -4.877 -26.256 -16.889
3 16 -8.275 -22.364 -16.833 -8.027 -22.708 -18.867 -4.877 -26.256 -16.889
3 16 -4.877 -26.256 -16.889 -5.197 -25.586 -13.781 -8.275 -22.364 -16.833
3 16 -8.582 -21.404 -13.704 -8.275 -22.364 -16.833 -5.197 -25.586 -13.781
3 16 -5.517 -25.436 -10.673 -8.889 -20.963 -10.575 -8.582 -21.404 -13.704
3 16 -5.197 -25.586 -13.781 -5.517 -25.436 -10.673 -8.582 -21.404 -13.704
3 16 -6.142 -26.527 -3.782 -8.994 -21.615 -3.303 -8.889 -20.963 -10.575
3 16 -8.889 -20.963 -10.575 -5.517 -25.436 -10.673 -6.142 -26.527 -3.782
3 16 -8.992 -22.743 4.095 -8.994 -21.615 -3.303 -6.142 -26.527 -3.782
3 16 -6.142 -26.527 -3.782 -6.347 -27.324 4.005 -8.992 -22.743 4.095
3 16 -6.034 -26.552 7.480 -8.524 -21.987 9.866 -8.992 -22.743 4.095
3 16 -8.992 -22.743 4.095 -6.347 -27.324 4.005 -6.034 -26.552 7.480
3 16 -8.524 -21.987 9.866 -6.034 -26.552 7.480 -5.634 -25.401 10.857
3 16 -7.723 -19.673 14.838 -8.524 -21.987 9.866 -5.634 -25.401 10.857
3 16 -5.634 -25.401 10.857 -4.833 -22.215 16.055 -7.723 -19.673 14.838
3 16 -3.945 -18.242 20.396 -6.193 -16.070 19.545 -7.723 -19.673 14.838
3 16 -7.723 -19.673 14.838 -4.833 -22.215 16.055 -3.945 -18.242 20.396
3 16 -3.028 -15.105 24.549 -4.920 -12.856 24.249 -6.193 -16.070 19.545
3 16 -6.193 -16.070 19.545 -3.945 -18.242 20.396 -3.028 -15.105 24.549
3 16 -2.559 -12.932 29.243 -3.948 -11.305 28.934 -4.920 -12.856 24.249
3 16 -4.920 -12.856 24.249 -3.028 -15.105 24.549 -2.559 -12.932 29.243
3 16 -3.207 -10.864 34.327 -3.948 -11.305 28.934 -2.559 -12.932 29.243
3 16 -2.559 -12.932 29.243 -1.948 -12.465 33.968 -3.207 -10.864 34.327
3 16 -1.948 -12.465 33.968 -1.305 -12.700 37.421 -3.207 -10.864 34.327
3 16 -1.305 -12.700 37.421 -2.510 -11.264 38.228 -3.207 -10.864 34.327
3 16 -2.510 -11.264 38.228 -1.305 -12.700 37.421 -0.806 -12.705 38.013
3 16 -1.524 -11.453 39.314 -2.510 -11.264 38.228 -0.806 -12.705 38.013
3 16 -1.524 -11.453 39.314 -0.806 -12.705 38.013 0.000 -11.445 39.590
3 16 -0.806 -12.705 38.013 0.000 -12.671 38.161 0.000 -11.445 39.590
3 16 -4.877 -26.256 -16.889 -4.708 -28.070 -21.602 0.000 -27.108 -16.645
3 16 -4.708 -28.070 -21.602 0.000 -29.190 -21.257 0.000 -27.108 -16.645
3 16 -4.877 -26.256 -16.889 0.000 -27.108 -16.645 0.000 -26.409 -13.685
3 16 -5.197 -25.586 -13.781 -4.877 -26.256 -16.889 0.000 -26.409 -13.685
3 16 0.000 -26.230 -10.725 -5.517 -25.436 -10.673 -5.197 -25.586 -13.781
3 16 0.000 -26.409 -13.685 0.000 -26.230 -10.725 -5.197 -25.586 -13.781
3 16 0.000 -26.230 -10.725 0.000 -27.565 -3.835 -5.517 -25.436 -10.673
3 16 0.000 -27.565 -3.835 -6.142 -26.527 -3.782 -5.517 -25.436 -10.673
3 16 0.000 -27.565 -3.835 0.000 -28.723 3.614 -6.142 -26.527 -3.782
3 16 0.000 -28.723 3.614 -6.347 -27.324 4.005 -6.142 -26.527 -3.782
3 16 -6.347 -27.324 4.005 0.000 -28.723 3.614 0.000 -28.190 7.202
3 16 -6.034 -26.552 7.480 -6.347 -27.324 4.005 0.000 -28.190 7.202
3 16 -6.034 -26.552 7.480 0.000 -28.190 7.202 0.000 -26.901 10.593
3 16 0.000 -26.901 10.593 -5.634 -25.401 10.857 -6.034 -26.552 7.480
3 16 0.000 -23.271 16.204 -4.833 -22.215 16.055 -5.634 -25.401 10.857
3 16 -5.634 -25.401 10.857 0.000 -26.901 10.593 0.000 -23.271 16.204
3 16 0.000 -18.924 20.635 -3.945 -18.242 20.396 -4.833 -22.215 16.055
3 16 -4.833 -22.215 16.055 0.000 -23.271 16.204 0.000 -18.924 20.635
3 16 -3.028 -15.105 24.549 -3.945 -18.242 20.396 0.000 -18.924 20.635
3 16 0.000 -15.456 24.865 -3.028 -15.105 24.549 0.000 -18.924 20.635
3 16 -2.559 -12.932 29.243 -3.028 -15.105 24.549 0.000 -15.456 24.865
3 16 0.000 -13.313 29.669 -2.559 -12.932 29.243 0.000 -15.456 24.865
3 16 0.000 -13.313 29.669 0.000 -12.798 33.942 -1.948 -12.465 33.968
3 16 -1.948 -12.465 33.968 -2.559 -12.932 29.243 0.000 -13.313 29.669
3 16 -1.948 -12.465 33.968 0.000 -12.798 33.942 -1.305 -12.700 37.421
3 16 0.000 -12.798 33.942 0.000 -12.854 37.168 -1.305 -12.700 37.421
3 16 -0.806 -12.705 38.013 -1.305 -12.700 37.421 0.000 -12.854 37.168
3 16 0.000 -12.671 38.161 -0.806 -12.705 38.013 0.000 -12.854 37.168
3 16 -8.725 -2.763 -18.183 -8.660 -3.902 -15.458 -8.712 0.000 -9.920
3 16 -8.660 -3.902 -15.458 -8.664 -3.812 -9.855 -8.712 0.000 -9.920
3 16 -8.712 0.000 -9.920 -8.660 0.000 -18.302 -8.725 -2.763 -18.183
3 16 -8.660 0.000 -18.302 -2.987 0.000 -18.681 -5.717 -2.860 -18.470
3 16 -2.987 0.000 -18.681 -3.136 -2.939 -18.694 -5.717 -2.860 -18.470
3 16 -3.136 -2.939 -18.694 -2.987 0.000 -18.681 -2.518 0.000 -18.343
3 16 -2.630 -3.292 -18.378 -3.136 -2.939 -18.694 -2.518 0.000 -18.343
3 16 -5.717 -2.860 -18.470 -8.725 -2.763 -18.183 -8.660 0.000 -18.302
3 16 -2.518 0.000 -18.343 -2.115 0.000 -17.287 -2.630 -3.292 -18.378
3 16 -2.115 0.000 -17.287 -2.071 -4.493 -17.275 -2.630 -3.292 -18.378
3 16 -2.296 0.000 -15.543 -2.296 -3.848 -15.543 -2.071 -4.493 -17.275
3 16 -2.071 -4.493 -17.275 -2.115 0.000 -17.287 -2.296 0.000 -15.543
3 16 -2.071 -4.493 -17.275 -2.296 -3.848 -15.543 -2.131 -5.366 -16.557
3 16 -2.131 -5.366 -16.557 -2.296 -3.848 -15.543 -2.539 -5.501 -15.381
3 16 -2.147 -6.422 -16.322 -2.131 -5.366 -16.557 -2.539 -5.501 -15.381
3 16 -7.637 -5.850 -10.111 -8.664 -3.812 -9.855 -7.660 -5.754 -14.679
3 16 -8.664 -3.812 -9.855 -8.660 -3.902 -15.458 -7.660 -5.754 -14.679
3 16 -7.660 -5.754 -14.679 -7.517 -7.066 -14.903 -7.637 -5.850 -10.111
3 16 -7.517 -7.066 -14.903 -7.810 -8.749 -10.241 -7.637 -5.850 -10.111
3 16 -7.517 -7.066 -14.903 -7.609 -9.068 -16.322 -7.810 -8.749 -10.241
3 16 -7.609 -9.068 -16.322 -8.079 -9.975 -9.440 -7.810 -8.749 -10.241
3 16 -8.079 -9.975 -9.440 -7.609 -9.068 -16.322 -8.943 -14.964 -13.888
3 16 -8.079 -9.975 -9.440 -8.943 -14.964 -13.888 -8.180 -10.414 -8.076
3 16 -8.943 -14.964 -13.888 -8.889 -20.963 -10.575 -8.994 -21.615 -3.303
3 16 -8.994 -21.615 -3.303 -8.180 -10.414 -8.076 -8.943 -14.964 -13.888
3 16 -8.088 -9.472 -5.194 -8.180 -10.414 -8.076 -8.994 -21.615 -3.303
3 16 -8.994 -21.615 -3.303 -8.053 -9.295 -2.166 -8.088 -9.472 -5.194
3 16 -8.122 -9.747 0.781 -8.053 -9.295 -2.166 -8.994 -21.615 -3.303
3 16 -8.994 -21.615 -3.303 -8.239 -10.834 3.556 -8.122 -9.747 0.781
3 16 -8.678 -14.556 7.930 -8.239 -10.834 3.556 -8.994 -21.615 -3.303
3 16 -8.699 -18.437 -18.402 -8.275 -22.364 -16.833 -8.582 -21.404 -13.704
3 16 -8.943 -14.964 -13.888 -8.699 -18.437 -18.402 -8.582 -21.404 -13.704
3 16 -8.582 -21.404 -13.704 -8.889 -20.963 -10.575 -8.943 -14.964 -13.888
3 16 -8.275 -22.364 -16.833 -8.699 -18.437 -18.402 -8.027 -22.708 -18.867
3 16 -7.942 -22.064 -20.559 -8.027 -22.708 -18.867 -8.699 -18.437 -18.402
3 16 -7.884 -19.951 -22.095 -7.942 -22.064 -20.559 -8.699 -18.437 -18.402
3 16 -7.887 -17.262 -21.950 -7.884 -19.951 -22.095 -8.699 -18.437 -18.402
3 16 -7.685 -12.565 -18.610 -7.887 -17.262 -21.950 -8.699 -18.437 -18.402
3 16 -8.699 -18.437 -18.402 -8.943 -14.964 -13.888 -7.685 -12.565 -18.610
3 16 -7.609 -9.068 -16.322 -7.685 -12.565 -18.610 -8.943 -14.964 -13.888
3 16 -8.994 -21.615 -3.303 -8.992 -22.743 4.095 -8.678 -14.556 7.930
3 16 -8.678 -14.556 7.930 -7.765 -7.812 6.107 -7.990 -9.124 4.589
3 16 -8.678 -14.556 7.930 -7.990 -9.124 4.589 -8.239 -10.834 3.556
3 16 -8.678 -14.556 7.930 -7.954 -11.581 11.683 -7.765 -7.812 6.107
3 16 -7.723 -19.673 14.838 -7.954 -11.581 11.683 -8.678 -14.556 7.930
3 16 -7.723 -19.673 14.838 -7.465 -12.705 15.673 -7.954 -11.581 11.683
3 16 -7.186 -13.086 17.028 -7.465 -12.705 15.673 -7.723 -19.673 14.838
3 16 -6.193 -16.070 19.545 -6.850 -12.886 18.243 -7.186 -13.086 17.028
3 16 -7.723 -19.673 14.838 -6.193 -16.070 19.545 -7.186 -13.086 17.028
3 16 -6.193 -16.070 19.545 -4.920 -12.856 24.249 -6.850 -12.886 18.243
3 16 -4.920 -12.856 24.249 -5.188 -11.060 23.253 -6.850 -12.886 18.243
3 16 -5.188 -11.060 23.253 -4.920 -12.856 24.249 -3.998 -9.860 28.486
3 16 -4.920 -12.856 24.249 -3.948 -11.305 28.934 -3.998 -9.860 28.486
3 16 -3.167 -9.593 34.253 -3.998 -9.860 28.486 -3.948 -11.305 28.934
3 16 -3.207 -10.864 34.327 -3.167 -9.593 34.253 -3.948 -11.305 28.934
3 16 -2.474 -9.641 38.192 -3.167 -9.593 34.253 -3.207 -10.864 34.327
3 16 -2.510 -11.264 38.228 -2.474 -9.641 38.192 -3.207 -10.864 34.327
3 16 -1.517 -9.659 39.234 -2.474 -9.641 38.192 -2.510 -11.264 38.228
3 16 -2.510 -11.264 38.228 -1.524 -11.453 39.314 -1.517 -9.659 39.234
3 16 -1.517 -9.659 39.234 -1.524 -11.453 39.314 0.000 -11.445 39.590
3 16 0.000 -11.445 39.590 0.000 -9.646 39.503 -1.517 -9.659 39.234
3 16 -7.954 -11.581 11.683 -7.465 -12.705 15.673 -7.406 -11.683 15.173
3 16 -7.954 -11.581 11.683 -7.406 -11.683 15.173 -7.255 -10.553 15.153
3 16 -7.954 -11.581 11.683 -7.255 -10.553 15.153 -7.091 -8.805 15.386
3 16 -7.515 -6.208 10.822 -7.954 -11.581 11.683 -7.091 -8.805 15.386
3 16 -7.954 -11.581 11.683 -7.515 -6.208 10.822 -7.570 -6.694 8.667
3 16 -7.765 -7.812 6.107 -7.954 -11.581 11.683 -7.570 -6.694 8.667
3 16 -7.605 -5.717 11.185 -7.515 -6.208 10.822 -7.091 -8.805 15.386
3 16 -7.441 -6.499 16.373 -7.605 -5.717 11.185 -7.091 -8.805 15.386
3 16 -7.441 -6.499 16.373 -8.695 -4.326 17.584 -7.605 -5.717 11.185
3 16 -8.695 -4.326 17.584 -8.712 -3.650 12.750 -7.605 -5.717 11.185
3 16 -8.712 -3.650 12.750 -7.846 -5.101 10.833 -7.605 -5.717 11.185
3 16 -8.712 -3.650 12.750 -8.610 -2.905 7.632 -7.846 -5.101 10.833
3 16 -8.610 -2.905 7.632 -7.897 -4.088 8.090 -7.846 -5.101 10.833
3 16 -8.180 -10.414 -8.076 -6.654 -8.216 -7.741 -8.079 -9.975 -9.440
3 16 -6.654 -8.216 -7.741 -6.304 -8.080 -8.751 -8.079 -9.975 -9.440
3 16 -7.810 -8.749 -10.241 -8.079 -9.975 -9.440 -6.304 -8.080 -8.751
3 16 -6.228 -7.299 -9.223 -7.810 -8.749 -10.241 -6.304 -8.080 -8.751
3 16 -8.180 -10.414 -8.076 -8.088 -9.472 -5.194 -6.162 -7.523 -5.087
3 16 -6.162 -7.523 -5.087 -6.654 -8.216 -7.741 -8.180 -10.414 -8.076
3 16 -6.162 -7.523 -5.087 -8.088 -9.472 -5.194 -8.053 -9.295 -2.166
3 16 -8.053 -9.295 -2.166 -6.051 -7.225 -2.355 -6.162 -7.523 -5.087
3 16 -8.053 -9.295 -2.166 -6.055 -7.395 0.623 -6.051 -7.225 -2.355
3 16 -6.055 -7.395 0.623 -8.053 -9.295 -2.166 -8.122 -9.747 0.781
3 16 -6.055 -7.395 0.623 -8.122 -9.747 0.781 -8.239 -10.834 3.556
3 16 -5.965 -8.486 3.392 -6.055 -7.395 0.623 -8.239 -10.834 3.556
3 16 -7.810 -8.749 -10.241 -6.228 -7.299 -9.223 -7.637 -5.850 -10.111
3 16 -6.228 -7.299 -9.223 -6.372 -5.947 -9.335 -7.637 -5.850 -10.111
3 16 -6.372 -5.947 -9.335 -7.546 -3.677 -8.885 -7.637 -5.850 -10.111
3 16 -7.546 -3.677 -8.885 -8.664 -3.812 -9.855 -7.637 -5.850 -10.111
3 16 -2.389 -21.246 -34.630 -3.309 -19.674 -30.613 0.000 -21.002 -34.402
3 16 -3.309 -19.674 -30.613 0.000 -19.163 -30.321 0.000 -21.002 -34.402
3 16 -5.578 -21.014 -30.862 -3.309 -19.674 -30.613 -2.389 -21.246 -34.630
3 16 -4.307 -22.050 -35.005 -5.578 -21.014 -30.862 -2.389 -21.246 -34.630
3 16 -2.389 -21.246 -34.630 -1.558 -22.661 -38.269 -4.307 -22.050 -35.005
3 16 -1.558 -22.661 -38.269 -2.928 -23.437 -38.530 -4.307 -22.050 -35.005
3 16 0.000 -21.002 -34.402 0.000 -22.405 -38.202 -2.389 -21.246 -34.630
3 16 0.000 -22.405 -38.202 -1.558 -22.661 -38.269 -2.389 -21.246 -34.630
3 16 -5.907 -18.828 -25.794 -3.309 -19.674 -30.613 -5.578 -21.014 -30.862
3 16 -6.438 -21.250 -25.464 -5.907 -18.828 -25.794 -5.578 -21.014 -30.862
3 16 -3.686 -16.756 -25.782 0.000 -16.479 -26.202 0.000 -19.163 -30.321
3 16 -3.309 -19.674 -30.613 -3.686 -16.756 -25.782 0.000 -19.163 -30.321
3 16 -5.907 -18.828 -25.794 -3.686 -16.756 -25.782 -3.309 -19.674 -30.613
3 16 0.000 -31.669 -29.220 -4.237 -30.801 -29.025 -3.225 -30.533 -32.353
3 16 -3.225 -30.533 -32.353 0.000 -31.191 -32.688 0.000 -31.669 -29.220
3 16 -4.237 -30.801 -29.025 0.000 -31.669 -29.220 0.000 -30.971 -25.333
3 16 -4.811 -29.816 -25.708 -4.237 -30.801 -29.025 0.000 -30.971 -25.333
3 16 0.000 -29.190 -21.257 -4.708 -28.070 -21.602 -4.811 -29.816 -25.708
3 16 -4.811 -29.816 -25.708 0.000 -30.971 -25.333 0.000 -29.190 -21.257
3 16 -6.161 -29.032 -25.929 -6.037 -29.671 -28.130 -4.811 -29.816 -25.708
3 16 -6.037 -29.671 -28.130 -4.237 -30.801 -29.025 -4.811 -29.816 -25.708
3 16 -6.037 -29.671 -28.130 -6.204 -29.323 -30.122 -4.237 -30.801 -29.025
3 16 -6.204 -29.323 -30.122 -5.294 -29.297 -31.571 -4.237 -30.801 -29.025
3 16 -4.237 -30.801 -29.025 -5.294 -29.297 -31.571 -3.225 -30.533 -32.353
3 16 -5.294 -29.297 -31.571 -4.392 -28.955 -32.950 -3.225 -30.533 -32.353
3 16 -6.161 -29.032 -25.929 -4.811 -29.816 -25.708 -6.612 -27.101 -25.076
3 16 -4.811 -29.816 -25.708 -4.708 -28.070 -21.602 -6.612 -27.101 -25.076
3 16 -4.708 -28.070 -21.602 -6.670 -24.578 -23.172 -6.612 -27.101 -25.076
3 16 -6.670 -24.578 -23.172 -7.216 -25.208 -25.588 -6.612 -27.101 -25.076
3 16 -7.216 -25.208 -25.588 -6.670 -24.578 -23.172 -7.284 -24.492 -26.930
3 16 -6.670 -24.578 -23.172 -6.438 -21.250 -25.464 -7.284 -24.492 -26.930
3 16 -5.294 -29.297 -31.571 -6.204 -29.323 -30.122 -6.255 -26.943 -31.326
3 16 -6.204 -29.323 -30.122 -7.257 -26.956 -28.921 -6.255 -26.943 -31.326
3 16 -2.383 -28.397 -36.198 -3.225 -30.533 -32.353 -4.392 -28.955 -32.950
3 16 -3.225 -30.533 -32.353 -2.383 -28.397 -36.198 0.000 -31.191 -32.688
3 16 -2.383 -28.397 -36.198 0.000 -28.867 -36.328 0.000 -31.191 -32.688
3 16 -6.255 -26.943 -31.326 -7.257 -26.956 -28.921 -7.097 -24.509 -30.782
3 16 -7.257 -26.956 -28.921 -7.312 -24.514 -28.434 -7.097 -24.509 -30.782
3 16 -6.557 -22.539 -30.637 -7.097 -24.509 -30.782 -7.312 -24.514 -28.434
3 16 -6.743 -22.608 -28.087 -6.557 -22.539 -30.637 -7.312 -24.514 -28.434
3 16 -6.438 -21.250 -25.464 -6.743 -22.608 -28.087 -7.284 -24.492 -26.930
3 16 -6.743 -22.608 -28.087 -7.312 -24.514 -28.434 -7.284 -24.492 -26.930
3 16 -6.438 -21.250 -25.464 -5.578 -21.014 -30.862 -6.743 -22.608 -28.087
3 16 -5.578 -21.014 -30.862 -6.557 -22.539 -30.637 -6.743 -22.608 -28.087
3 16 -6.557 -22.539 -30.637 -5.578 -21.014 -30.862 -6.230 -22.934 -32.893
3 16 -6.557 -22.539 -30.637 -6.230 -22.934 -32.893 -7.097 -24.509 -30.782
3 16 -5.578 -21.014 -30.862 -4.307 -22.050 -35.005 -6.230 -22.934 -32.893
3 16 -6.230 -22.934 -32.893 -6.408 -24.919 -33.378 -7.097 -24.509 -30.782
3 16 -6.408 -24.919 -33.378 -6.230 -22.934 -32.893 -5.586 -24.856 -35.135
3 16 -6.230 -22.934 -32.893 -4.307 -22.050 -35.005 -5.586 -24.856 -35.135
3 16 -4.307 -22.050 -35.005 -2.928 -23.437 -38.530 -5.586 -24.856 -35.135
3 16 -2.928 -23.437 -38.530 -3.787 -25.064 -38.707 -5.586 -24.856 -35.135
3 16 -7.097 -24.509 -30.782 -6.408 -24.919 -33.378 -6.255 -26.943 -31.326
3 16 -6.408 -24.919 -33.378 -5.310 -26.712 -33.400 -6.255 -26.943 -31.326
3 16 -5.310 -26.712 -33.400 -6.408 -24.919 -33.378 -5.586 -24.856 -35.135
3 16 -4.652 -26.416 -35.515 -5.310 -26.712 -33.400 -5.586 -24.856 -35.135
3 16 -4.652 -26.416 -35.515 -5.586 -24.856 -35.135 -3.787 -25.064 -38.707
3 16 -6.204 -29.323 -30.122 -8.285 -29.141 -28.470 -7.257 -26.956 -28.921
3 16 -8.285 -29.141 -28.470 -9.107 -27.728 -27.894 -7.257 -26.956 -28.921
3 16 -9.107 -27.728 -27.894 -8.816 -26.002 -27.617 -7.257 -26.956 -28.921
3 16 -8.816 -26.002 -27.617 -7.312 -24.514 -28.434 -7.257 -26.956 -28.921
3 16 -9.054 -27.727 -26.930 -9.107 -27.728 -27.894 -8.360 -29.024 -27.282
3 16 -9.107 -27.728 -27.894 -8.285 -29.141 -28.470 -8.360 -29.024 -27.282
3 16 -8.816 -26.002 -27.617 -9.107 -27.728 -27.894 -9.054 -27.727 -26.930
3 16 -8.761 -26.096 -26.762 -8.816 -26.002 -27.617 -9.054 -27.727 -26.930
3 16 -9.054 -27.727 -26.930 -8.645 -27.639 -26.118 -8.761 -26.096 -26.762
3 16 -8.645 -27.639 -26.118 -8.510 -26.205 -26.009 -8.761 -26.096 -26.762
3 16 -8.360 -29.024 -27.282 -8.064 -28.677 -26.267 -9.054 -27.727 -26.930
3 16 -8.064 -28.677 -26.267 -8.645 -27.639 -26.118 -9.054 -27.727 -26.930
3 16 -8.645 -27.639 -26.118 -8.064 -28.677 -26.267 -6.612 -27.101 -25.076
3 16 -8.064 -28.677 -26.267 -6.161 -29.032 -25.929 -6.612 -27.101 -25.076
3 16 -8.645 -27.639 -26.118 -6.612 -27.101 -25.076 -8.510 -26.205 -26.009
3 16 -6.612 -27.101 -25.076 -7.216 -25.208 -25.588 -8.510 -26.205 -26.009
3 16 -8.510 -26.205 -26.009 -7.216 -25.208 -25.588 -8.761 -26.096 -26.762
3 16 -7.216 -25.208 -25.588 -7.284 -24.492 -26.930 -8.761 -26.096 -26.762
3 16 -8.816 -26.002 -27.617 -8.761 -26.096 -26.762 -7.284 -24.492 -26.930
3 16 -7.312 -24.514 -28.434 -8.816 -26.002 -27.617 -7.284 -24.492 -26.930
3 16 -6.037 -29.671 -28.130 -6.161 -29.032 -25.929 -8.360 -29.024 -27.282
3 16 -6.161 -29.032 -25.929 -8.064 -28.677 -26.267 -8.360 -29.024 -27.282
3 16 -6.037 -29.671 -28.130 -8.360 -29.024 -27.282 -8.285 -29.141 -28.470
3 16 -6.204 -29.323 -30.122 -6.037 -29.671 -28.130 -8.285 -29.141 -28.470
3 16 0.000 -8.636 38.167 -1.041 -8.652 38.032 0.000 -9.646 39.503
3 16 -1.041 -8.652 38.032 -1.517 -9.659 39.234 0.000 -9.646 39.503
3 16 -2.474 -9.641 38.192 -1.517 -9.659 39.234 -1.041 -8.652 38.032
3 16 -1.620 -8.610 37.469 -2.474 -9.641 38.192 -1.041 -8.652 38.032
3 16 -2.474 -9.641 38.192 -1.620 -8.610 37.469 -3.167 -9.593 34.253
3 16 -1.620 -8.610 37.469 -2.334 -8.353 34.166 -3.167 -9.593 34.253
3 16 -3.167 -9.593 34.253 -2.334 -8.353 34.166 -3.998 -9.860 28.486
3 16 -2.334 -8.353 34.166 -2.956 -8.594 28.186 -3.998 -9.860 28.486
3 16 -3.998 -9.860 28.486 -2.956 -8.594 28.186 -5.188 -11.060 23.253
3 16 -2.956 -8.594 28.186 -3.843 -9.936 22.409 -5.188 -11.060 23.253
3 16 -3.843 -9.936 22.409 -4.347 -11.471 17.995 -5.188 -11.060 23.253
3 16 -4.347 -11.471 17.995 -6.850 -12.886 18.243 -5.188 -11.060 23.253
3 16 -6.850 -12.886 18.243 -4.347 -11.471 17.995 -4.853 -11.524 16.462
3 16 -4.853 -11.524 16.462 -7.465 -12.705 15.673 -7.186 -13.086 17.028
3 16 -4.853 -11.524 16.462 -7.186 -13.086 17.028 -6.850 -12.886 18.243
3 16 -4.853 -11.524 16.462 -7.255 -10.553 15.153 -7.406 -11.683 15.173
3 16 -4.853 -11.524 16.462 -7.406 -11.683 15.173 -7.465 -12.705 15.673
3 16 -5.247 -10.294 16.116 -7.255 -10.553 15.153 -4.853 -11.524 16.462
3 16 -7.091 -8.805 15.386 -7.255 -10.553 15.153 -5.247 -10.294 16.116
3 16 -5.443 -8.840 16.327 -7.091 -8.805 15.386 -5.247 -10.294 16.116
3 16 -7.091 -8.805 15.386 -5.443 -8.840 16.327 -5.701 -6.810 17.269
3 16 -7.441 -6.499 16.373 -7.091 -8.805 15.386 -5.701 -6.810 17.269
3 16 -5.701 -6.810 17.269 -6.055 -4.391 18.559 -7.441 -6.499 16.373
3 16 -6.055 -4.391 18.559 -8.695 -4.326 17.584 -7.441 -6.499 16.373
3 16 -1.620 -8.610 37.469 -1.041 -8.652 38.032 0.000 -8.424 37.165
3 16 -1.041 -8.652 38.032 0.000 -8.636 38.167 0.000 -8.424 37.165
3 16 0.000 -8.424 37.165 0.000 -8.082 33.963 -2.334 -8.353 34.166
3 16 -2.334 -8.353 34.166 -1.620 -8.610 37.469 0.000 -8.424 37.165
3 16 0.000 -8.082 33.963 0.000 -8.321 28.094 -2.334 -8.353 34.166
3 16 0.000 -8.321 28.094 -2.956 -8.594 28.186 -2.334 -8.353 34.166
3 16 0.000 -9.630 22.172 -3.843 -9.936 22.409 -2.956 -8.594 28.186
3 16 -2.956 -8.594 28.186 0.000 -8.321 28.094 0.000 -9.630 22.172
3 16 0.000 -10.982 18.099 -4.347 -11.471 17.995 -3.843 -9.936 22.409
3 16 -3.843 -9.936 22.409 0.000 -9.630 22.172 0.000 -10.982 18.099
3 16 -4.347 -11.471 17.995 0.000 -10.982 18.099 0.000 -11.065 16.545
3 16 -4.853 -11.524 16.462 -4.347 -11.471 17.995 0.000 -11.065 16.545
3 16 -5.247 -10.294 16.116 -4.853 -11.524 16.462 0.000 -11.065 16.545
3 16 0.000 -11.065 16.545 -1.428 -10.350 16.550 -5.247 -10.294 16.116
3 16 -5.247 -10.294 16.116 -1.428 -10.350 16.550 -2.002 -8.977 16.573
3 16 -5.443 -8.840 16.327 -5.247 -10.294 16.116 -2.002 -8.977 16.573
3 16 -5.443 -8.840 16.327 -2.002 -8.977 16.573 -2.002 -6.920 17.503
3 16 -5.701 -6.810 17.269 -5.443 -8.840 16.327 -2.002 -6.920 17.503
3 16 -2.021 -4.500 18.858 -6.055 -4.391 18.559 -5.701 -6.810 17.269
3 16 -5.701 -6.810 17.269 -2.002 -6.920 17.503 -2.021 -4.500 18.858
3 16 -8.524 -21.987 9.866 -7.723 -19.673 14.838 -8.678 -14.556 7.930
3 16 -8.524 -21.987 9.866 -8.678 -14.556 7.930 -8.992 -22.743 4.095
3 16 -5.987 -5.864 10.068 -7.515 -6.208 10.822 -6.000 -5.534 10.359
3 16 -7.515 -6.208 10.822 -7.605 -5.717 11.185 -6.000 -5.534 10.359
3 16 -7.570 -6.694 8.667 -7.515 -6.208 10.822 -5.987 -5.864 10.068
3 16 -6.220 -6.491 8.595 -7.570 -6.694 8.667 -5.987 -5.864 10.068
3 16 -6.220 -6.491 8.595 -6.100 -7.335 5.904 -7.570 -6.694 8.667
3 16 -6.100 -7.335 5.904 -7.765 -7.812 6.107 -7.570 -6.694 8.667
3 16 -6.100 -7.335 5.904 -5.965 -8.486 3.392 -7.765 -7.812 6.107
3 16 -5.965 -8.486 3.392 -8.239 -10.834 3.556 -7.990 -9.124 4.589
3 16 -5.965 -8.486 3.392 -7.990 -9.124 4.589 -7.765 -7.812 6.107
3 16 -1.127 -10.475 14.213 -1.428 -10.350 16.550 0.000 -11.023 14.632
3 16 -1.428 -10.350 16.550 0.000 -11.065 16.545 0.000 -11.023 14.632
3 16 -1.795 -9.058 13.490 -2.002 -8.977 16.573 -1.428 -10.350 16.550
3 16 -1.428 -10.350 16.550 -1.127 -10.475 14.213 -1.795 -9.058 13.490
3 16 -6.000 -5.222 10.200 -6.000 -5.534 10.359 -7.846 -5.101 10.833
3 16 -6.000 -5.534 10.359 -7.605 -5.717 11.185 -7.846 -5.101 10.833
3 16 -6.000 -5.222 10.200 -7.846 -5.101 10.833 -7.897 -4.088 8.090
3 16 -6.141 -4.075 7.826 -6.000 -5.222 10.200 -7.897 -4.088 8.090
3 16 -8.610 -2.905 7.632 -6.160 -2.780 7.302 -7.897 -4.088 8.090
3 16 -6.160 -2.780 7.302 -6.141 -4.075 7.826 -7.897 -4.088 8.090
3 16 -6.160 -2.780 7.302 -8.610 -2.905 7.632 -8.470 0.000 7.503
3 16 -6.154 0.000 7.284 -6.160 -2.780 7.302 -8.470 0.000 7.503
3 16 -8.384 0.000 12.519 -8.712 -3.650 12.750 -8.535 0.000 16.906
3 16 -8.712 -3.650 12.750 -8.695 -4.326 17.584 -8.535 0.000 16.906
3 16 -8.610 -2.905 7.632 -8.712 -3.650 12.750 -8.384 0.000 12.519
3 16 -8.470 0.000 7.503 -8.610 -2.905 7.632 -8.384 0.000 12.519
3 16 -2.021 -4.500 18.858 -2.221 0.000 17.857 -6.055 -4.391 18.559
3 16 -2.221 0.000 17.857 -5.923 0.000 17.764 -6.055 -4.391 18.559
3 16 -8.535 0.000 16.906 -8.695 -4.326 17.584 -5.923 0.000 17.764
3 16 -8.695 -4.326 17.584 -6.055 -4.391 18.559 -5.923 0.000 17.764
3 16 -5.950 -5.501 10.526 -6.000 -5.534 10.359 -6.000 -5.222 10.200
3 16 -5.950 -5.501 10.526 -6.000 -5.222 10.200 -6.000 0.000 10.000
3 16 -6.000 0.000 10.000 -5.543 0.000 12.296 -5.950 -5.501 10.526
3 16 -5.950 -5.501 10.526 -5.543 0.000 12.296 -5.543 -5.501 12.296
3 16 -5.543 0.000 12.296 -4.243 0.000 14.243 -4.243 -5.501 14.243
3 16 -4.243 -5.501 14.243 -5.543 -5.501 12.296 -5.543 0.000 12.296
3 16 -2.296 0.000 15.543 -2.296 -5.501 15.543 -4.243 -5.501 14.243
3 16 -4.243 -5.501 14.243 -4.243 0.000 14.243 -2.296 0.000 15.543
3 16 -2.296 0.000 15.543 -2.221 0.000 17.857 -2.296 -5.501 15.543
3 16 -6.000 -5.222 10.200 -6.141 -4.075 7.826 -6.160 -2.780 7.302
3 16 -6.160 -2.780 7.302 -6.000 0.000 10.000 -6.000 -5.222 10.200
3 16 -6.154 0.000 7.284 -6.000 0.000 10.000 -6.160 -2.780 7.302
3 16 -6.000 -5.534 10.359 -5.950 -5.501 10.526 -5.987 -5.864 10.068
3 16 -3.372 -6.110 8.764 -5.987 -5.864 10.068 -3.109 -5.501 9.620
3 16 -5.987 -5.864 10.068 -5.950 -5.501 10.526 -3.109 -5.501 9.620
3 16 -6.220 -6.491 8.595 -5.987 -5.864 10.068 -3.372 -6.110 8.764
3 16 -3.372 -6.110 8.764 -3.771 -6.898 6.228 -6.220 -6.491 8.595
3 16 -3.771 -6.898 6.228 -6.100 -7.335 5.904 -6.220 -6.491 8.595
3 16 -3.800 -8.254 3.347 -5.965 -8.486 3.392 -6.100 -7.335 5.904
3 16 -6.100 -7.335 5.904 -3.771 -6.898 6.228 -3.800 -8.254 3.347
3 16 -3.109 -5.501 9.620 -5.950 -5.501 10.526 -5.543 -5.501 12.296
3 16 -5.543 -5.501 12.296 -2.368 -5.501 11.871 -3.109 -5.501 9.620
3 16 -4.243 -5.501 14.243 -2.296 -5.501 15.543 -2.368 -5.501 11.871
3 16 -2.368 -5.501 11.871 -5.543 -5.501 12.296 -4.243 -5.501 14.243
3 16 -2.021 -4.500 18.858 -2.296 -5.501 15.543 -2.221 0.000 17.857
3 16 -2.021 -4.500 18.858 -2.002 -6.920 17.503 -2.296 -5.501 15.543
3 16 -2.002 -6.920 17.503 -2.002 -8.977 16.573 -2.296 -5.501 15.543
3 16 -2.368 -5.501 11.871 -2.296 -5.501 15.543 -2.002 -8.977 16.573
3 16 -2.002 -8.977 16.573 -1.795 -9.058 13.490 -2.368 -5.501 11.871
3 16 -2.304 -7.483 11.767 -2.368 -5.501 11.871 -1.795 -9.058 13.490
3 16 -2.368 -5.501 11.871 -2.304 -7.483 11.767 -3.109 -5.501 9.620
3 16 -2.304 -7.483 11.767 -3.372 -6.110 8.764 -3.109 -5.501 9.620
3 16 -3.372 -6.110 8.764 -2.304 -7.483 11.767 -2.373 -21.740 11.784
3 16 -2.373 -21.740 11.784 -2.304 -7.483 11.767 -1.795 -9.058 13.490
3 16 -3.482 -23.728 7.582 -3.372 -6.110 8.764 -2.373 -21.740 11.784
3 16 -3.482 -23.728 7.582 -3.771 -6.898 6.228 -3.372 -6.110 8.764
3 16 -3.771 -6.898 6.228 -3.482 -23.728 7.582 -3.800 -8.254 3.347
3 16 -3.482 -23.728 7.582 -3.728 -24.790 2.621 -3.800 -8.254 3.347
3 16 -3.800 -8.254 3.347 -3.728 -24.790 2.621 -3.679 -23.569 -3.169
3 16 -3.837 -7.246 0.620 -3.800 -8.254 3.347 -3.679 -23.569 -3.169
3 16 -3.794 -7.013 -2.284 -3.837 -7.246 0.620 -3.679 -23.569 -3.169
3 16 -3.696 -7.412 -4.993 -3.794 -7.013 -2.284 -3.679 -23.569 -3.169
3 16 -3.679 -23.569 -3.169 -2.977 -22.516 -9.439 -3.696 -7.412 -4.993
3 16 -2.977 -22.516 -9.439 -3.428 -7.939 -7.694 -3.696 -7.412 -4.993
3 16 -2.977 -22.516 -9.439 -3.270 -7.671 -8.522 -3.428 -7.939 -7.694
3 16 -2.153 -9.633 -12.731 -3.270 -7.671 -8.522 -2.977 -22.516 -9.439
3 16 -3.270 -7.671 -8.522 -2.153 -9.633 -12.731 -2.137 -6.974 -12.477
3 16 -3.154 -6.877 -8.947 -3.270 -7.671 -8.522 -2.137 -6.974 -12.477
3 16 -3.154 -6.877 -8.947 -2.137 -6.974 -12.477 -2.558 -5.501 -12.312
3 16 -3.383 -5.501 -9.091 -3.154 -6.877 -8.947 -2.558 -5.501 -12.312
3 16 -2.539 -5.501 -15.381 -2.558 -5.501 -12.312 -2.137 -6.974 -12.477
3 16 -2.147 -6.422 -16.322 -2.539 -5.501 -15.381 -2.137 -6.974 -12.477
3 16 -2.127 -22.691 -14.134 -2.153 -9.633 -12.731 -2.977 -22.516 -9.439
3 16 -2.002 -7.595 -16.895 -2.137 -6.974 -12.477 -2.153 -9.633 -12.731
3 16 -2.153 -9.633 -12.731 -2.088 -23.556 -17.931 -2.002 -7.595 -16.895
3 16 -2.002 -7.595 -16.895 -2.147 -6.422 -16.322 -2.137 -6.974 -12.477
3 16 -2.127 -22.691 -14.134 -2.088 -23.556 -17.931 -2.153 -9.633 -12.731
3 16 -2.088 -23.556 -17.931 -2.149 -10.136 -19.067 -2.002 -7.595 -16.895
3 16 -2.149 -10.136 -19.067 -2.088 -23.556 -17.931 -1.727 -11.271 -20.443
3 16 -2.088 -23.556 -17.931 -1.712 -24.326 -20.177 -1.727 -11.271 -20.443
3 16 -0.946 -11.838 -21.106 -1.727 -11.271 -20.443 -1.712 -24.326 -20.177
3 16 -0.909 -24.437 -21.031 -0.946 -11.838 -21.106 -1.712 -24.326 -20.177
3 16 -0.909 -24.437 -21.031 0.000 -24.437 -21.224 0.000 -12.049 -21.310
3 16 0.000 -12.049 -21.310 -0.946 -11.838 -21.106 -0.909 -24.437 -21.031
3 16 -3.837 -7.246 0.620 -6.055 -7.395 0.623 -3.800 -8.254 3.347
3 16 -6.055 -7.395 0.623 -5.965 -8.486 3.392 -3.800 -8.254 3.347
3 16 -3.837 -7.246 0.620 -3.794 -7.013 -2.284 -6.055 -7.395 0.623
3 16 -3.794 -7.013 -2.284 -6.051 -7.225 -2.355 -6.055 -7.395 0.623
3 16 -6.051 -7.225 -2.355 -3.794 -7.013 -2.284 -3.696 -7.412 -4.993
3 16 -6.162 -7.523 -5.087 -6.051 -7.225 -2.355 -3.696 -7.412 -4.993
3 16 -3.696 -7.412 -4.993 -3.428 -7.939 -7.694 -6.162 -7.523 -5.087
3 16 -3.428 -7.939 -7.694 -6.654 -8.216 -7.741 -6.162 -7.523 -5.087
3 16 -6.304 -8.080 -8.751 -6.654 -8.216 -7.741 -3.428 -7.939 -7.694
3 16 -3.270 -7.671 -8.522 -6.304 -8.080 -8.751 -3.428 -7.939 -7.694
3 16 -6.304 -8.080 -8.751 -3.270 -7.671 -8.522 -6.228 -7.299 -9.223
3 16 -3.270 -7.671 -8.522 -3.154 -6.877 -8.947 -6.228 -7.299 -9.223
3 16 -3.154 -6.877 -8.947 -6.372 -5.947 -9.335 -6.228 -7.299 -9.223
3 16 -6.372 -5.947 -9.335 -3.154 -6.877 -8.947 -3.383 -5.501 -9.091
3 16 -5.838 -5.501 -9.185 -6.372 -5.947 -9.335 -3.383 -5.501 -9.091
3 16 -7.546 -3.677 -8.885 -6.372 -5.947 -9.335 -5.838 -5.501 -9.185
3 16 -6.262 -3.692 -8.831 -7.546 -3.677 -8.885 -5.838 -5.501 -9.185
3 16 -2.296 0.000 -15.543 -4.243 0.000 -14.243 -2.296 -3.848 -15.543
3 16 -4.243 0.000 -14.243 -4.243 -5.501 -14.243 -2.539 -5.501 -15.381
3 16 -2.539 -5.501 -15.381 -2.296 -3.848 -15.543 -4.243 0.000 -14.243
3 16 -5.543 -5.501 -12.296 -4.243 -5.501 -14.243 -4.243 0.000 -14.243
3 16 -4.243 0.000 -14.243 -5.543 0.000 -12.296 -5.543 -5.501 -12.296
3 16 -6.000 0.000 -10.000 -6.000 -5.501 -10.000 -5.543 -5.501 -12.296
3 16 -5.543 -5.501 -12.296 -5.543 0.000 -12.296 -6.000 0.000 -10.000
3 16 -6.262 -3.692 -8.831 -5.838 -5.501 -9.185 -6.000 -5.501 -10.000
3 16 -6.262 -3.692 -8.831 -6.000 -5.501 -10.000 -6.000 0.000 -10.000
3 16 -6.000 0.000 -10.000 -6.271 0.000 -8.763 -6.262 -3.692 -8.831
3 16 -6.262 -3.692 -8.831 -6.271 0.000 -8.763 -7.546 -3.677 -8.885
3 16 -6.271 0.000 -8.763 -7.537 0.000 -8.882 -7.546 -3.677 -8.885
3 16 -7.546 -3.677 -8.885 -7.537 0.000 -8.882 -8.712 0.000 -9.920
3 16 -8.712 0.000 -9.920 -8.664 -3.812 -9.855 -7.546 -3.677 -8.885
3 16 -2.558 -5.501 -12.312 -4.243 -5.501 -14.243 -5.543 -5.501 -12.296
3 16 -5.543 -5.501 -12.296 -6.000 -5.501 -10.000 -2.558 -5.501 -12.312
3 16 -2.558 -5.501 -12.312 -2.539 -5.501 -15.381 -4.243 -5.501 -14.243
3 16 -6.000 -5.501 -10.000 -5.838 -5.501 -9.185 -3.383 -5.501 -9.091
3 16 -3.383 -5.501 -9.091 -2.558 -5.501 -12.312 -6.000 -5.501 -10.000
3 16 0.000 -19.323 14.812 0.000 -11.023 14.632 1.066 -19.606 14.512
3 16 -1.957 -20.394 13.551 -2.373 -21.740 11.784 -1.795 -9.058 13.490
3 16 -1.957 -20.394 13.551 -1.795 -9.058 13.490 -1.127 -10.475 14.213
3 16 -1.066 -19.606 14.512 -1.957 -20.394 13.551 -1.127 -10.475 14.213
3 16 -1.066 -19.606 14.512 -1.127 -10.475 14.213 0.000 -11.023 14.632
3 16 0.000 -19.323 14.812 -1.066 -19.606 14.512 0.000 -11.023 14.632
3 16 -1.712 -24.326 -20.177 -2.088 -23.556 -17.931 0.000 -23.568 -17.922
3 16 0.000 -23.568 -17.922 0.000 -24.292 -20.005 -1.712 -24.326 -20.177
3 16 -1.712 -24.326 -20.177 0.000 -24.292 -20.005 -0.909 -24.437 -21.031
3 16 0.000 -24.292 -20.005 0.000 -24.437 -21.224 -0.909 -24.437 -21.031
3 16 -2.127 -22.691 -14.134 0.000 -22.672 -14.034 0.000 -23.568 -17.922
3 16 0.000 -23.568 -17.922 -2.088 -23.556 -17.931 -2.127 -22.691 -14.134
3 16 0.000 -22.587 -9.263 0.000 -22.672 -14.034 -2.127 -22.691 -14.134
3 16 -2.977 -22.516 -9.439 0.000 -22.587 -9.263 -2.127 -22.691 -14.134
3 16 0.000 -23.759 -3.135 0.000 -22.587 -9.263 -2.977 -22.516 -9.439
3 16 -3.679 -23.569 -3.169 0.000 -23.759 -3.135 -2.977 -22.516 -9.439
3 16 0.000 -24.806 2.904 0.000 -23.759 -3.135 -3.728 -24.790 2.621
3 16 0.000 -23.759 -3.135 -3.679 -23.569 -3.169 -3.728 -24.790 2.621
3 16 -3.482 -23.728 7.582 0.000 -23.781 7.617 0.000 -24.806 2.904
3 16 0.000 -24.806 2.904 -3.728 -24.790 2.621 -3.482 -23.728 7.582
3 16 0.000 -23.781 7.617 -3.482 -23.728 7.582 -2.373 -21.740 11.784
3 16 -2.373 -21.740 11.784 0.000 -21.848 11.627 0.000 -23.781 7.617
3 16 -1.957 -20.394 13.551 0.000 -20.376 13.575 0.000 -21.848 11.627
3 16 0.000 -21.848 11.627 -2.373 -21.740 11.784 -1.957 -20.394 13.551
3 16 -1.957 -20.394 13.551 -1.066 -19.606 14.512 0.000 -20.376 13.575
3 16 -1.066 -19.606 14.512 0.000 -19.323 14.812 0.000 -20.376 13.575
3 16 -6.000 0.000 -10.000 -8.712 0.000 -9.920 -7.537 0.000 -8.882
3 16 -7.537 0.000 -8.882 -6.271 0.000 -8.763 -6.000 0.000 -10.000
3 16 -5.543 0.000 -12.296 -8.660 0.000 -18.302 -8.712 0.000 -9.920
3 16 -8.712 0.000 -9.920 -6.000 0.000 -10.000 -5.543 0.000 -12.296
3 16 -4.243 0.000 -14.243 -2.987 0.000 -18.681 -8.660 0.000 -18.302
3 16 -8.660 0.000 -18.302 -5.543 0.000 -12.296 -4.243 0.000 -14.243
3 16 -4.243 0.000 -14.243 -2.115 0.000 -17.287 -2.518 0.000 -18.343
3 16 -2.518 0.000 -18.343 -2.987 0.000 -18.681 -4.243 0.000 -14.243
3 16 -4.243 0.000 -14.243 -2.296 0.000 -15.543 -2.115 0.000 -17.287
3 16 -6.000 0.000 10.000 -6.154 0.000 7.284 -8.470 0.000 7.503
3 16 -8.384 0.000 12.519 -5.543 0.000 12.296 -6.000 0.000 10.000
3 16 -6.000 0.000 10.000 -8.470 0.000 7.503 -8.384 0.000 12.519
3 16 -8.535 0.000 16.906 -4.243 0.000 14.243 -5.543 0.000 12.296
3 16 -5.543 0.000 12.296 -8.384 0.000 12.519 -8.535 0.000 16.906
3 16 -5.923 0.000 17.764 -2.296 0.000 15.543 -4.243 0.000 14.243
3 16 -4.243 0.000 14.243 -8.535 0.000 16.906 -5.923 0.000 17.764
3 16 -2.221 0.000 17.857 -2.296 0.000 15.543 -5.923 0.000 17.764
2 24 -0.946 -11.838 -21.106 -1.727 -11.271 -20.443
2 24 -7.887 -17.262 -21.950 -7.884 -19.951 -22.095
2 24 -7.685 -12.565 -18.610 -7.887 -17.262 -21.950
2 24 -1.727 -11.271 -20.443 -2.149 -10.136 -19.067
2 24 -7.609 -9.068 -16.322 -7.685 -12.565 -18.610
2 24 -7.517 -7.066 -14.903 -7.609 -9.068 -16.322
2 24 -7.660 -5.754 -14.679 -7.517 -7.066 -14.903
2 24 -2.147 -6.422 -16.322 -2.131 -5.366 -16.557
2 24 -8.660 -3.902 -15.458 -7.660 -5.754 -14.679
2 24 -2.131 -5.366 -16.557 -2.071 -4.493 -17.275
2 24 -2.071 -4.493 -17.275 -2.630 -3.292 -18.378
2 24 -2.630 -3.292 -18.378 -3.136 -2.939 -18.694
2 24 -3.136 -2.939 -18.694 -5.717 -2.860 -18.470
2 24 -8.725 -2.763 -18.183 -8.660 -3.902 -15.458
2 24 -5.717 -2.860 -18.470 -8.725 -2.763 -18.183
2 24 -2.002 -7.595 -16.895 -2.147 -6.422 -16.322
2 24 -2.149 -10.136 -19.067 -2.002 -7.595 -16.895
2 24 -7.884 -19.951 -22.095 -7.942 -22.064 -20.559
2 24 -7.942 -22.064 -20.559 -8.027 -22.708 -18.867
2 24 -4.877 -26.256 -16.889 -4.708 -28.070 -21.602
2 24 -8.027 -22.708 -18.867 -8.275 -22.364 -16.833
2 24 -5.197 -25.586 -13.781 -4.877 -26.256 -16.889
2 24 -5.517 -25.436 -10.673 -5.197 -25.586 -13.781
2 24 -8.582 -21.404 -13.704 -8.889 -20.963 -10.575
2 24 -8.275 -22.364 -16.833 -8.582 -21.404 -13.704
2 24 -8.889 -20.963 -10.575 -8.994 -21.615 -3.303
2 24 -6.142 -26.527 -3.782 -5.517 -25.436 -10.673
2 24 -8.994 -21.615 -3.303 -8.992 -22.743 4.095
2 24 -6.347 -27.324 4.005 -6.142 -26.527 -3.782
2 24 -6.034 -26.552 7.480 -6.347 -27.324 4.005
2 24 -5.634 -25.401 10.857 -6.034 -26.552 7.480
2 24 -8.992 -22.743 4.095 -8.524 -21.987 9.866
2 24 -4.833 -22.215 16.055 -5.634 -25.401 10.857
2 24 -8.524 -21.987 9.866 -7.723 -19.673 14.838
2 24 -3.945 -18.242 20.396 -4.833 -22.215 16.055
2 24 -7.723 -19.673 14.838 -6.193 -16.070 19.545
2 24 -3.028 -15.105 24.549 -3.945 -18.242 20.396
2 24 -6.193 -16.070 19.545 -4.920 -12.856 24.249
2 24 -2.559 -12.932 29.243 -3.028 -15.105 24.549
2 24 -4.920 -12.856 24.249 -3.948 -11.305 28.934
2 24 -3.948 -11.305 28.934 -3.207 -10.864 34.327
2 24 -1.948 -12.465 33.968 -2.559 -12.932 29.243
2 24 -1.305 -12.700 37.421 -1.948 -12.465 33.968
2 24 -3.207 -10.864 34.327 -2.510 -11.264 38.228
2 24 -0.806 -12.705 38.013 -1.305 -12.700 37.421
2 24 -2.510 -11.264 38.228 -1.524 -11.453 39.314
2 24 -1.524 -11.453 39.314 0.000 -11.445 39.590
2 24 0.000 -12.671 38.161 -0.806 -12.705 38.013
2 24 -8.712 0.000 -9.920 -8.664 -3.812 -9.855
2 24 -8.664 -3.812 -9.855 -8.660 -3.902 -15.458
2 24 -8.725 -2.763 -18.183 -8.660 0.000 -18.302
2 24 -8.660 0.000 -18.302 -8.712 0.000 -9.920
2 24 -2.987 0.000 -18.681 -8.660 0.000 -18.302
2 24 -2.518 0.000 -18.343 -2.987 0.000 -18.681
2 24 -2.630 -3.292 -18.378 -2.518 0.000 -18.343
2 24 -2.296 -3.848 -15.543 -2.296 0.000 -15.543
2 24 -2.539 -5.501 -15.381 -2.296 -3.848 -15.543
2 24 -8.664 -3.812 -9.855 -7.637 -5.850 -10.111
2 24 -7.637 -5.850 -10.111 -7.810 -8.749 -10.241
2 24 -7.810 -8.749 -10.241 -8.079 -9.975 -9.440
2 24 -8.079 -9.975 -9.440 -8.180 -10.414 -8.076
2 24 -8.088 -9.472 -5.194 -8.053 -9.295 -2.166
2 24 -8.180 -10.414 -8.076 -8.088 -9.472 -5.194
2 24 -8.122 -9.747 0.781 -8.239 -10.834 3.556
2 24 -8.053 -9.295 -2.166 -8.122 -9.747 0.781
2 24 -7.990 -9.124 4.589 -7.765 -7.812 6.107
2 24 -8.239 -10.834 3.556 -7.990 -9.124 4.589
2 24 -7.186 -13.086 17.028 -6.850 -12.886 18.243
2 24 -7.465 -12.705 15.673 -7.186 -13.086 17.028
2 24 -6.850 -12.886 18.243 -5.188 -11.060 23.253
2 24 -5.188 -11.060 23.253 -3.998 -9.860 28.486
2 24 -3.998 -9.860 28.486 -3.167 -9.593 34.253
2 24 -3.167 -9.593 34.253 -2.474 -9.641 38.192
2 24 -2.474 -9.641 38.192 -1.517 -9.659 39.234
2 24 -1.517 -9.659 39.234 0.000 -9.646 39.503
2 24 -7.406 -11.683 15.173 -7.465 -12.705 15.673
2 24 -7.255 -10.553 15.153 -7.406 -11.683 15.173
2 24 -7.091 -8.805 15.386 -7.255 -10.553 15.153
2 24 -7.570 -6.694 8.667 -7.515 -6.208 10.822
2 24 -7.765 -7.812 6.107 -7.570 -6.694 8.667
2 24 -7.515 -6.208 10.822 -7.605 -5.717 11.185
2 24 -7.441 -6.499 16.373 -7.091 -8.805 15.386
2 24 -8.695 -4.326 17.584 -7.441 -6.499 16.373
2 24 -8.712 -3.650 12.750 -8.695 -4.326 17.584
2 24 -7.605 -5.717 11.185 -7.846 -5.101 10.833
2 24 -8.610 -2.905 7.632 -8.712 -3.650 12.750
2 24 -7.846 -5.101 10.833 -7.897 -4.088 8.090
2 24 -7.897 -4.088 8.090 -8.610 -2.905 7.632
2 24 -6.304 -8.080 -8.751 -6.654 -8.216 -7.741
2 24 -6.228 -7.299 -9.223 -6.304 -8.080 -8.751
2 24 -6.654 -8.216 -7.741 -6.162 -7.523 -5.087
2 24 -6.162 -7.523 -5.087 -6.051 -7.225 -2.355
2 24 -6.051 -7.225 -2.355 -6.055 -7.395 0.623
2 24 -6.055 -7.395 0.623 -5.965 -8.486 3.392
2 24 -5.965 -8.486 3.392 -8.239 -10.834 3.556
2 24 -6.372 -5.947 -9.335 -6.228 -7.299 -9.223
2 24 -7.546 -3.677 -8.885 -6.372 -5.947 -9.335
2 24 -8.664 -3.812 -9.855 -7.546 -3.677 -8.885
2 24 -3.225 -30.533 -32.353 -4.237 -30.801 -29.025
2 24 -4.237 -30.801 -29.025 -4.811 -29.816 -25.708
2 24 -4.811 -29.816 -25.708 -4.708 -28.070 -21.602
2 24 -6.037 -29.671 -28.130 -6.161 -29.032 -25.929
2 24 -6.204 -29.323 -30.122 -6.037 -29.671 -28.130
2 24 -5.294 -29.297 -31.571 -6.204 -29.323 -30.122
2 24 -4.392 -28.955 -32.950 -5.294 -29.297 -31.571
2 24 -6.161 -29.032 -25.929 -6.612 -27.101 -25.076
2 24 -6.612 -27.101 -25.076 -7.216 -25.208 -25.588
2 24 -7.216 -25.208 -25.588 -7.284 -24.492 -26.930
2 24 -7.257 -26.956 -28.921 -6.204 -29.323 -30.122
2 24 -2.383 -28.397 -36.198 -4.392 -28.955 -32.950
2 24 -7.312 -24.514 -28.434 -7.257 -26.956 -28.921
2 24 -7.284 -24.492 -26.930 -7.312 -24.514 -28.434
2 24 -8.285 -29.141 -28.470 -6.204 -29.323 -30.122
2 24 -9.107 -27.728 -27.894 -8.285 -29.141 -28.470
2 24 -8.816 -26.002 -27.617 -9.107 -27.728 -27.894
2 24 -7.312 -24.514 -28.434 -8.816 -26.002 -27.617
2 24 -8.360 -29.024 -27.282 -8.285 -29.141 -28.470
2 24 -8.816 -26.002 -27.617 -8.761 -26.096 -26.762
2 24 -8.761 -26.096 -26.762 -8.510 -26.205 -26.009
2 24 -8.510 -26.205 -26.009 -8.645 -27.639 -26.118
2 24 -8.064 -28.677 -26.267 -8.360 -29.024 -27.282
2 24 -8.645 -27.639 -26.118 -8.064 -28.677 -26.267
2 24 -6.161 -29.032 -25.929 -8.064 -28.677 -26.267
2 24 -8.510 -26.205 -26.009 -7.216 -25.208 -25.588
2 24 -1.041 -8.652 38.032 0.000 -8.636 38.167
2 24 -1.620 -8.610 37.469 -1.041 -8.652 38.032
2 24 -2.334 -8.353 34.166 -1.620 -8.610 37.469
2 24 -2.956 -8.594 28.186 -2.334 -8.353 34.166
2 24 -3.843 -9.936 22.409 -2.956 -8.594 28.186
2 24 -4.347 -11.471 17.995 -3.843 -9.936 22.409
2 24 -4.853 -11.524 16.462 -4.347 -11.471 17.995
2 24 -5.247 -10.294 16.116 -4.853 -11.524 16.462
2 24 -5.443 -8.840 16.327 -5.247 -10.294 16.116
2 24 -5.701 -6.810 17.269 -5.443 -8.840 16.327
2 24 -6.055 -4.391 18.559 -5.701 -6.810 17.269
2 24 -8.695 -4.326 17.584 -6.055 -4.391 18.559
2 24 -4.853 -11.524 16.462 0.000 -11.065 16.545
2 24 -1.428 -10.350 16.550 0.000 -11.065 16.545
2 24 -2.002 -8.977 16.573 -1.428 -10.350 16.550
2 24 -2.002 -6.920 17.503 -2.002 -8.977 16.573
2 24 -2.021 -4.500 18.858 -2.002 -6.920 17.503
2 24 -6.055 -4.391 18.559 -2.021 -4.500 18.858
2 24 -5.987 -5.864 10.068 -6.000 -5.534 10.359
2 24 -6.000 -5.534 10.359 -7.605 -5.717 11.185
2 24 -6.220 -6.491 8.595 -5.987 -5.864 10.068
2 24 -6.100 -7.335 5.904 -6.220 -6.491 8.595
2 24 -5.965 -8.486 3.392 -6.100 -7.335 5.904
2 24 -1.127 -10.475 14.213 0.000 -11.023 14.632
2 24 -2.002 -8.977 16.573 -1.795 -9.058 13.490
2 24 -1.795 -9.058 13.490 -1.127 -10.475 14.213
2 24 -6.000 -5.534 10.359 -6.000 -5.222 10.200
2 24 -6.000 -5.222 10.200 -6.141 -4.075 7.826
2 24 -6.141 -4.075 7.826 -7.897 -4.088 8.090
2 24 -6.141 -4.075 7.826 -6.160 -2.780 7.302
2 24 -8.470 0.000 7.503 -8.610 -2.905 7.632
2 24 -6.160 -2.780 7.302 -6.154 0.000 7.284
2 24 -6.154 0.000 7.284 -8.470 0.000 7.503
2 24 -8.384 0.000 12.519 -8.535 0.000 16.906
2 24 -8.535 0.000 16.906 -8.695 -4.326 17.584
2 24 -8.470 0.000 7.503 -8.384 0.000 12.519
2 24 -2.221 0.000 17.857 -2.021 -4.500 18.858
2 24 -6.055 -4.391 18.559 -5.923 0.000 17.764
2 24 -5.923 0.000 17.764 -2.221 0.000 17.857
2 24 -8.535 0.000 16.906 -5.923 0.000 17.764
2 24 -5.543 0.000 12.296 -6.000 0.000 10.000
2 24 -5.950 -5.501 10.526 -5.543 -5.501 12.296
2 24 -5.543 -5.501 12.296 -4.243 -5.501 14.243
2 24 -4.243 0.000 14.243 -5.543 0.000 12.296
2 24 -2.296 0.000 15.543 -4.243 0.000 14.243
2 24 -4.243 -5.501 14.243 -2.296 -5.501 15.543
2 24 -2.221 0.000 17.857 -2.296 0.000 15.543
2 24 -6.000 0.000 10.000 -6.154 0.000 7.284
2 24 -5.987 -5.864 10.068 -5.950 -5.501 10.526
2 24 -3.372 -6.110 8.764 -3.109 -5.501 9.620
2 24 -3.109 -5.501 9.620 -5.950 -5.501 10.526
2 24 -3.771 -6.898 6.228 -3.372 -6.110 8.764
2 24 -3.800 -8.254 3.347 -3.771 -6.898 6.228
2 24 -5.965 -8.486 3.392 -3.800 -8.254 3.347
2 24 -3.109 -5.501 9.620 -2.368 -5.501 11.871
2 24 -2.368 -5.501 11.871 -2.296 -5.501 15.543
2 24 -3.482 -23.728 7.582 -2.373 -21.740 11.784
2 24 -3.728 -24.790 2.621 -3.482 -23.728 7.582
2 24 -3.679 -23.569 -3.169 -3.728 -24.790 2.621
2 24 -3.800 -8.254 3.347 -3.837 -7.246 0.620
2 24 -3.837 -7.246 0.620 -3.794 -7.013 -2.284
2 24 -3.794 -7.013 -2.284 -3.696 -7.412 -4.993
2 24 -2.977 -22.516 -9.439 -3.679 -23.569 -3.169
2 24 -3.696 -7.412 -4.993 -3.428 -7.939 -7.694
2 24 -3.428 -7.939 -7.694 -3.270 -7.671 -8.522
2 24 -3.270 -7.671 -8.522 -3.154 -6.877 -8.947
2 24 -3.154 -6.877 -8.947 -3.383 -5.501 -9.091
2 24 -3.383 -5.501 -9.091 -2.558 -5.501 -12.312
2 24 -2.558 -5.501 -12.312 -2.539 -5.501 -15.381
2 24 -2.127 -22.691 -14.134 -2.977 -22.516 -9.439
2 24 -2.088 -23.556 -17.931 -2.127 -22.691 -14.134
2 24 -1.712 -24.326 -20.177 -2.088 -23.556 -17.931
2 24 -0.909 -24.437 -21.031 -1.712 -24.326 -20.177
2 24 0.000 -24.437 -21.224 -0.909 -24.437 -21.031
2 24 -5.838 -5.501 -9.185 -3.383 -5.501 -9.091
2 24 -7.546 -3.677 -8.885 -6.262 -3.692 -8.831
2 24 -6.262 -3.692 -8.831 -5.838 -5.501 -9.185
2 24 -4.243 0.000 -14.243 -2.296 0.000 -15.543
2 24 -5.543 0.000 -12.296 -4.243 0.000 -14.243
2 24 -6.000 0.000 -10.000 -5.543 0.000 -12.296
2 24 -2.539 -5.501 -15.381 -4.243 -5.501 -14.243
2 24 -4.243 -5.501 -14.243 -5.543 -5.501 -12.296
2 24 -5.543 -5.501 -12.296 -6.000 -5.501 -10.000
2 24 -6.000 -5.501 -10.000 -5.838 -5.501 -9.185
2 24 -6.262 -3.692 -8.831 -6.271 0.000 -8.763
2 24 -6.271 0.000 -8.763 -6.000 0.000 -10.000
2 24 -7.546 -3.677 -8.885 -7.537 0.000 -8.882
2 24 -7.537 0.000 -8.882 -6.271 0.000 -8.763
2 24 -8.712 0.000 -9.920 -7.537 0.000 -8.882
2 24 -2.373 -21.740 11.784 -1.957 -20.394 13.551
2 24 -1.957 -20.394 13.551 -1.066 -19.606 14.512
2 24 -1.066 -19.606 14.512 0.000 -19.323 14.812
2 24 -2.115 0.000 -17.287 -2.296 0.000 -15.543
2 24 -2.115 0.000 -17.287 -2.518 0.000 -18.343
2 24 0.000 -12.049 -21.310 -0.946 -11.838 -21.106
2 24 -2.539 -5.501 -15.381 -4.243 -5.501 -14.243
2 24 -4.243 -5.501 -14.243 -5.543 -5.501 -12.296
2 24 -6.000 -5.501 -10.000 -5.543 -5.501 -12.296
2 24 -6.000 -5.501 -10.000 -5.838 -5.501 -9.185
2 24 -5.972 -5.813 10.142 -5.987 -5.864 10.068
2 24 -5.950 -5.501 10.526 -5.972 -5.813 10.142
2 24 -4.243 -5.501 14.243 -2.296 -5.501 15.543
2 24 -5.543 -5.501 12.296 -5.950 -5.501 10.526
2 24 -5.543 -5.501 12.296 -4.243 -5.501 14.243
2 24 -2.296 -5.501 15.543 -2.296 0.000 15.543
