0 FILE 88283.dat
0 Minifig, Hair Mid-Length Tousled with Center Part
0 Name:  88283.dat
0 Author:  
0 BFC CERTIFY CCW
3 16 -6.296 -1.840 -15.706 -6.044 0.237 -16.230 -2.931 0.309 -16.211
3 16 -0.387 -6.820 9.106 -2.534 -7.607 7.915 -0.438 -8.633 4.359
3 16 7.223 -0.253 -14.601 7.077 -2.619 -14.146 3.438 -3.465 -13.626
3 16 3.438 -3.465 -13.626 7.077 -2.619 -14.146 3.837 -5.221 -13.018
3 16 5.773 -8.566 -3.460 0.853 -8.840 -2.730 0.846 -8.651 -5.416
3 16 0.846 -8.651 -5.416 5.135 -8.442 -5.698 5.773 -8.566 -3.460
3 16 0.896 -8.897 0.982 3.772 -8.867 3.789 1.893 -8.749 5.008
3 16 -0.438 -8.633 4.359 0.896 -8.897 0.982 1.893 -8.749 5.008
3 16 4.726 -8.971 0.519 3.772 -8.867 3.789 0.896 -8.897 0.982
3 16 0.853 -8.840 -2.730 4.726 -8.971 0.519 0.896 -8.897 0.982
3 16 5.103 -8.797 -2.687 4.726 -8.971 0.519 0.853 -8.840 -2.730
3 16 0.853 -8.840 -2.730 5.773 -8.566 -3.460 5.103 -8.797 -2.687
3 16 -6.296 -1.840 -15.706 -8.770 3.096 -14.731 -6.044 0.237 -16.230
3 16 -3.854 -7.887 6.098 -2.534 -7.607 7.915 -8.971 -2.609 10.525
3 16 -2.534 -7.607 7.915 -6.806 -1.793 11.972 -8.971 -2.609 10.525
3 16 -3.854 -7.887 6.098 -8.971 -2.609 10.525 -9.700 -2.746 9.125
3 16 -2.534 -7.607 7.915 -5.573 -1.624 13.234 -6.806 -1.793 11.972
3 16 12.752 -0.157 8.756 8.545 -7.013 6.122 13.568 -0.184 6.166
3 16 8.545 -7.013 6.122 8.797 -6.889 4.013 13.568 -0.184 6.166
3 16 9.568 -7.400 1.647 14.681 -0.514 3.902 8.797 -6.889 4.013
3 16 13.568 -0.184 6.166 8.797 -6.889 4.013 14.681 -0.514 3.902
3 16 14.681 -0.514 3.902 9.568 -7.400 1.647 14.989 -0.213 0.442
3 16 9.568 -7.400 1.647 9.632 -7.054 -0.885 14.989 -0.213 0.442
3 16 9.632 -7.054 -0.885 9.794 -6.741 -3.071 14.989 -0.213 0.442
3 16 9.291 -6.099 -6.848 14.144 1.042 -7.470 9.794 -6.741 -3.071
3 16 9.794 -6.741 -3.071 14.144 1.042 -7.470 14.508 0.713 -4.695
3 16 15.243 0.164 -3.130 9.794 -6.741 -3.071 14.508 0.713 -4.695
3 16 9.291 -6.099 -6.848 8.844 -5.555 -10.042 14.144 1.042 -7.470
3 16 8.844 -5.555 -10.042 13.396 1.490 -10.130 14.144 1.042 -7.470
3 16 8.844 -5.555 -10.042 8.068 -4.505 -12.177 13.396 1.490 -10.130
3 16 8.068 -4.505 -12.177 12.183 2.281 -12.092 13.396 1.490 -10.130
3 16 7.077 -2.619 -14.146 7.223 -0.253 -14.601 10.926 3.077 -13.381
3 16 7.223 -0.253 -14.601 9.703 3.758 -13.670 10.926 3.077 -13.381
3 16 8.068 -4.505 -12.177 7.077 -2.619 -14.146 12.183 2.281 -12.092
3 16 7.077 -2.619 -14.146 10.926 3.077 -13.381 12.183 2.281 -12.092
3 16 7.223 -0.253 -14.601 6.249 1.276 -14.921 9.703 3.758 -13.670
3 16 6.249 1.276 -14.921 8.488 4.582 -13.986 9.703 3.758 -13.670
3 16 -7.836 5.079 -10.941 -5.179 2.274 -12.088 -7.608 4.598 -12.919
3 16 -5.179 2.274 -12.088 -5.509 1.978 -14.019 -7.608 4.598 -12.919
3 16 13.396 1.490 -10.130 12.183 2.281 -12.092 15.651 7.971 -8.079
3 16 12.183 2.281 -12.092 14.148 8.547 -9.771 15.651 7.971 -8.079
3 16 3.989 2.009 -13.609 4.003 2.339 -12.343 9.067 7.602 -11.972
3 16 4.003 2.339 -12.343 8.600 6.689 -10.513 9.067 7.602 -11.972
3 16 6.049 -0.176 13.674 9.506 6.983 13.757 6.860 7.001 15.156
3 16 9.703 3.758 -13.670 8.488 4.582 -13.986 12.022 8.790 -10.966
3 16 8.488 4.582 -13.986 9.408 7.544 -12.695 12.022 8.790 -10.966
3 16 12.022 8.790 -10.966 14.148 8.547 -9.771 9.703 3.758 -13.670
3 16 14.148 8.547 -9.771 10.926 3.077 -13.381 9.703 3.758 -13.670
3 16 12.183 2.281 -12.092 10.926 3.077 -13.381 14.148 8.547 -9.771
3 16 -10.014 7.205 -12.907 -12.492 8.088 -12.855 -11.739 10.545 -12.195
3 16 -7.836 5.079 -10.941 -8.273 6.441 -12.175 -9.431 7.430 -11.447
3 16 -7.836 5.079 -10.941 -9.431 7.430 -11.447 -11.145 11.975 -7.652
3 16 -9.431 7.430 -11.447 -10.333 10.868 -10.276 -11.145 11.975 -7.652
3 16 -10.333 10.868 -10.276 -12.431 10.864 -10.278 -11.502 11.415 -9.349
3 16 -15.825 13.815 -6.460 -13.937 14.053 -8.264 -15.782 7.458 -9.641
3 16 -12.431 10.864 -10.278 -15.782 7.458 -9.641 -13.937 14.053 -8.264
3 16 -16.781 6.383 -6.676 -16.374 5.900 -4.555 -17.564 13.056 -3.189
3 16 -16.781 6.383 -6.676 -17.564 13.056 -3.189 -16.528 7.107 -8.655
3 16 -16.528 7.107 -8.655 -17.564 13.056 -3.189 -16.716 13.531 -5.195
3 16 -17.564 13.056 -3.189 -16.374 5.900 -4.555 -17.016 12.258 -1.189
3 16 -16.374 5.900 -4.555 -16.483 5.415 -2.387 -17.016 12.258 -1.189
3 16 -16.483 5.415 -2.387 -16.569 4.569 0.685 -17.016 12.258 -1.189
3 16 -16.569 4.569 0.685 -16.913 11.777 0.725 -17.016 12.258 -1.189
3 16 -16.605 11.646 2.625 -16.126 4.518 2.055 -16.637 12.940 3.963
3 16 -16.126 4.518 2.055 -16.102 4.349 3.579 -16.637 12.940 3.963
3 16 -16.913 11.777 0.725 -16.569 4.569 0.685 -16.605 11.646 2.625
3 16 -16.569 4.569 0.685 -16.126 4.518 2.055 -16.605 11.646 2.625
3 16 -11.519 4.684 11.612 -11.634 13.150 12.752 -12.551 4.482 9.859
3 16 -13.064 12.758 10.902 -12.551 4.482 9.859 -11.634 13.150 12.752
3 16 -9.030 13.834 14.060 -8.732 5.495 13.220 -7.162 14.022 15.272
3 16 -8.732 5.495 13.220 -7.185 5.692 14.459 -7.162 14.022 15.272
3 16 -11.634 13.150 12.752 -11.519 4.684 11.612 -9.030 13.834 14.060
3 16 -11.519 4.684 11.612 -8.732 5.495 13.220 -9.030 13.834 14.060
3 16 -3.444 14.252 16.543 -3.204 6.108 16.015 -0.016 14.218 17.231
3 16 -3.204 6.108 16.015 0.282 6.264 16.791 -0.016 14.218 17.231
3 16 -7.162 14.022 15.272 -7.185 5.692 14.459 -3.444 14.252 16.543
3 16 -7.185 5.692 14.459 -3.204 6.108 16.015 -3.444 14.252 16.543
3 16 0.282 6.264 16.791 2.154 6.443 17.198 1.854 14.283 17.610
3 16 1.854 14.283 17.610 -0.016 14.218 17.231 0.282 6.264 16.791
3 16 3.874 14.770 17.258 4.188 6.812 16.766 6.678 15.061 15.651
3 16 4.188 6.812 16.766 6.860 7.001 15.156 6.678 15.061 15.651
3 16 3.874 14.770 17.258 1.854 14.283 17.610 4.188 6.812 16.766
3 16 2.154 6.443 17.198 4.188 6.812 16.766 1.854 14.283 17.610
3 16 9.714 15.047 14.014 6.678 15.061 15.651 6.860 7.001 15.156
3 16 6.860 7.001 15.156 9.506 6.983 13.757 9.714 15.047 14.014
3 16 12.395 7.202 11.035 12.398 15.191 11.639 11.457 7.234 12.551
3 16 11.457 7.234 12.551 12.398 15.191 11.639 11.319 15.097 13.153
3 16 11.457 7.234 12.551 11.319 15.097 13.153 9.506 6.983 13.757
3 16 9.506 6.983 13.757 11.319 15.097 13.153 9.714 15.047 14.014
3 16 14.132 7.007 9.374 14.045 15.149 10.038 12.398 15.191 11.639
3 16 12.398 15.191 11.639 12.395 7.202 11.035 14.132 7.007 9.374
3 16 16.226 6.644 5.100 16.252 13.395 6.041 15.183 6.781 6.912
3 16 15.183 6.781 6.912 16.252 13.395 6.041 15.361 15.250 8.004
3 16 15.183 6.781 6.912 15.361 15.250 8.004 14.132 7.007 9.374
3 16 14.132 7.007 9.374 15.361 15.250 8.004 14.045 15.149 10.038
3 16 16.252 13.395 6.041 16.226 6.644 5.100 16.631 13.050 3.122
3 16 16.226 6.644 5.100 16.487 6.784 2.123 16.631 13.050 3.122
3 16 16.071 7.652 -3.246 15.929 7.836 -5.931 16.770 13.533 -0.794
3 16 15.929 7.836 -5.931 17.392 13.712 -2.808 16.770 13.533 -0.794
3 16 16.631 13.050 3.122 16.750 7.148 -1.424 16.770 13.533 -0.794
3 16 16.750 7.148 -1.424 16.071 7.652 -3.246 16.770 13.533 -0.794
3 16 16.487 6.784 2.123 16.750 7.148 -1.424 16.631 13.050 3.122
3 16 17.827 16.419 -1.243 17.392 13.712 -2.808 18.089 15.777 -2.592
3 16 17.392 13.712 -2.808 17.516 13.557 -4.338 18.089 15.777 -2.592
3 16 17.485 16.449 -3.880 18.089 15.777 -2.592 16.804 13.534 -6.075
3 16 17.516 13.557 -4.338 16.804 13.534 -6.075 18.089 15.777 -2.592
3 16 17.485 16.449 -3.880 16.804 13.534 -6.075 16.584 15.942 -5.628
3 16 16.804 13.534 -6.075 15.161 13.550 -7.777 16.584 15.942 -5.628
3 16 -11.145 11.975 -7.652 -11.502 11.415 -9.349 -12.496 14.262 -7.976
3 16 14.693 15.221 -6.523 13.999 13.329 -8.058 13.490 14.889 -5.447
3 16 13.999 13.329 -8.058 11.010 9.062 -10.014 13.490 14.889 -5.447
3 16 17.827 16.419 -1.243 18.089 15.777 -2.592 17.193 17.361 -2.777
3 16 18.089 15.777 -2.592 17.485 16.449 -3.880 17.193 17.361 -2.777
3 16 17.193 17.361 -2.777 17.485 16.449 -3.880 16.189 16.855 -4.528
3 16 17.485 16.449 -3.880 16.584 15.942 -5.628 16.189 16.855 -4.528
3 16 14.693 15.221 -6.523 16.189 16.855 -4.528 16.584 15.942 -5.628
3 16 16.584 15.942 -5.628 15.161 13.550 -7.777 14.693 15.221 -6.523
3 16 15.593 19.137 -3.070 14.693 15.221 -6.523 14.017 18.548 -2.919
3 16 14.693 15.221 -6.523 13.490 14.889 -5.447 14.017 18.548 -2.919
3 16 14.017 18.548 -2.919 15.023 21.644 -0.159 15.593 19.137 -3.070
3 16 15.593 19.137 -3.070 15.023 21.644 -0.159 16.158 21.573 -0.541
3 16 17.827 16.419 -1.243 17.193 17.361 -2.777 17.510 18.904 -0.006
3 16 14.693 15.221 -6.523 15.593 19.137 -3.070 16.189 16.855 -4.528
3 16 16.189 16.855 -4.528 15.593 19.137 -3.070 16.400 19.236 -2.361
3 16 16.189 16.855 -4.528 16.400 19.236 -2.361 17.193 17.361 -2.777
3 16 17.193 17.361 -2.777 16.400 19.236 -2.361 17.510 18.904 -0.006
3 16 16.867 21.375 0.811 16.400 19.236 -2.361 16.158 21.573 -0.541
3 16 16.400 19.236 -2.361 15.593 19.137 -3.070 16.158 21.573 -0.541
3 16 17.510 18.904 -0.006 16.400 19.236 -2.361 16.867 21.375 0.811
3 16 17.510 18.904 -0.006 17.522 18.073 2.370 17.827 16.419 -1.243
3 16 17.270 16.409 1.103 17.827 16.419 -1.243 17.522 18.073 2.370
3 16 16.867 21.375 0.811 17.125 19.707 2.753 17.522 18.073 2.370
3 16 17.522 18.073 2.370 17.510 18.904 -0.006 16.867 21.375 0.811
3 16 -15.237 19.798 -2.710 -14.259 19.504 -2.351 -13.524 17.026 -6.190
3 16 -12.775 16.476 -5.419 -13.524 17.026 -6.190 -14.259 19.504 -2.351
3 16 -16.254 19.603 -2.962 -15.277 17.040 -6.426 -16.645 16.663 -4.394
3 16 -16.645 16.663 -4.394 -17.131 19.048 -1.901 -16.254 19.603 -2.962
3 16 -17.244 16.524 -3.693 -17.934 16.087 -1.606 -17.131 19.048 -1.901
3 16 -17.131 19.048 -1.901 -17.934 16.087 -1.606 -17.746 18.499 -0.528
3 16 -16.663 17.847 0.927 -17.746 18.499 -0.528 -17.218 15.257 -0.140
3 16 -17.934 16.087 -1.606 -17.218 15.257 -0.140 -17.746 18.499 -0.528
3 16 -13.064 12.758 10.902 -11.634 13.150 12.752 -12.785 19.778 12.825
3 16 -11.634 13.150 12.752 -10.987 19.931 14.685 -12.785 19.778 12.825
3 16 -12.785 19.778 12.825 -10.987 19.931 14.685 -9.386 22.052 16.372
3 16 -9.386 22.052 16.372 -11.268 21.901 14.417 -12.785 19.778 12.825
3 16 -12.785 19.778 12.825 -11.268 21.901 14.417 -13.235 22.070 13.336
3 16 -7.282 19.996 16.073 -10.987 19.931 14.685 -9.030 13.834 14.060
3 16 -11.634 13.150 12.752 -9.030 13.834 14.060 -10.987 19.931 14.685
3 16 -7.162 14.022 15.272 -3.444 14.252 16.543 -5.705 19.681 16.621
3 16 -3.444 14.252 16.543 -2.124 19.790 17.302 -5.705 19.681 16.621
3 16 -9.030 13.834 14.060 -7.162 14.022 15.272 -7.282 19.996 16.073
3 16 -7.162 14.022 15.272 -5.705 19.681 16.621 -7.282 19.996 16.073
3 16 -3.444 14.252 16.543 -0.016 14.218 17.231 -2.124 19.790 17.302
3 16 3.874 14.770 17.258 1.907 20.473 18.137 1.854 14.283 17.610
3 16 1.854 14.283 17.610 1.907 20.473 18.137 0.679 19.764 18.141
3 16 -2.124 19.790 17.302 -0.016 14.218 17.231 0.679 19.764 18.141
3 16 -0.016 14.218 17.231 1.854 14.283 17.610 0.679 19.764 18.141
3 16 6.678 15.061 15.651 4.974 20.908 17.171 3.874 14.770 17.258
3 16 1.907 20.473 18.137 3.874 14.770 17.258 4.974 20.908 17.171
3 16 -7.282 19.996 16.073 -6.888 21.964 17.476 -10.987 19.931 14.685
3 16 -10.987 19.931 14.685 -6.888 21.964 17.476 -9.386 22.052 16.372
3 16 -7.282 19.996 16.073 -5.705 19.681 16.621 -6.888 21.964 17.476
3 16 -5.705 19.681 16.621 -5.357 21.728 16.906 -6.888 21.964 17.476
3 16 -5.705 19.681 16.621 -2.124 19.790 17.302 -5.357 21.728 16.906
3 16 -2.124 19.790 17.302 -2.374 21.515 17.336 -5.357 21.728 16.906
3 16 0.679 19.764 18.141 1.907 20.473 18.137 0.249 22.203 18.288
3 16 0.679 19.764 18.141 0.249 22.203 18.288 -2.124 19.790 17.302
3 16 0.249 22.203 18.288 -2.374 21.515 17.336 -2.124 19.790 17.302
3 16 4.974 20.908 17.171 5.039 22.739 17.130 2.279 22.779 17.809
3 16 4.974 20.908 17.171 2.279 22.779 17.809 1.907 20.473 18.137
3 16 0.249 22.203 18.288 1.907 20.473 18.137 2.279 22.779 17.809
3 16 7.714 20.812 16.027 9.714 15.047 14.014 9.760 20.960 15.406
3 16 6.678 15.061 15.651 9.714 15.047 14.014 4.974 20.908 17.171
3 16 4.974 20.908 17.171 9.714 15.047 14.014 7.714 20.812 16.027
3 16 12.398 15.191 11.639 12.125 21.162 13.609 11.319 15.097 13.153
3 16 11.319 15.097 13.153 12.125 21.162 13.609 9.760 20.960 15.406
3 16 9.760 20.960 15.406 9.714 15.047 14.014 11.319 15.097 13.153
3 16 12.398 15.191 11.639 14.045 15.149 10.038 12.125 21.162 13.609
3 16 12.125 21.162 13.609 14.045 15.149 10.038 14.837 19.831 9.943
3 16 14.045 15.149 10.038 15.361 15.250 8.004 14.837 19.831 9.943
3 16 15.361 15.250 8.004 16.303 17.096 6.537 14.837 19.831 9.943
3 16 16.303 17.096 6.537 16.070 19.181 7.591 14.837 19.831 9.943
3 16 16.918 15.884 4.097 17.270 16.409 1.103 17.417 17.649 4.258
3 16 17.417 17.649 4.258 17.270 16.409 1.103 17.522 18.073 2.370
3 16 17.125 19.707 2.753 17.335 19.281 5.234 17.522 18.073 2.370
3 16 17.335 19.281 5.234 17.417 17.649 4.258 17.522 18.073 2.370
3 16 16.303 17.096 6.537 16.918 15.884 4.097 17.417 17.649 4.258
3 16 16.303 17.096 6.537 17.417 17.649 4.258 16.070 19.181 7.591
3 16 17.417 17.649 4.258 17.335 19.281 5.234 16.070 19.181 7.591
3 16 -14.259 19.504 -2.351 -15.237 19.798 -2.710 -14.650 19.313 -0.443
3 16 -15.237 19.798 -2.710 -15.779 19.595 -1.077 -14.650 19.313 -0.443
3 16 -14.650 19.313 -0.443 -15.779 19.595 -1.077 -16.663 17.847 0.927
3 16 -16.663 17.847 0.927 -15.779 19.595 -1.077 -17.746 18.499 -0.528
3 16 -14.392 18.808 2.173 -14.421 18.601 1.035 -16.673 17.897 2.148
3 16 -16.663 17.847 0.927 -16.673 17.897 2.148 -14.421 18.601 1.035
3 16 -14.650 19.313 -0.443 -16.663 17.847 0.927 -14.421 18.601 1.035
3 16 -11.372 22.670 11.456 -13.235 22.070 13.336 -10.751 22.341 13.529
3 16 -13.235 22.070 13.336 -11.268 21.901 14.417 -10.751 22.341 13.529
3 16 -6.888 21.964 17.476 -6.310 23.462 15.546 -9.386 22.052 16.372
3 16 -9.386 22.052 16.372 -6.310 23.462 15.546 -8.753 23.056 15.381
3 16 -6.888 21.964 17.476 -5.357 21.728 16.906 -6.310 23.462 15.546
3 16 -5.357 21.728 16.906 -5.003 22.414 15.347 -6.310 23.462 15.546
3 16 -9.386 22.052 16.372 -8.753 23.056 15.381 -11.268 21.901 14.417
3 16 -11.268 21.901 14.417 -8.753 23.056 15.381 -10.751 22.341 13.529
3 16 -2.374 21.515 17.336 -2.879 22.387 15.685 -5.357 21.728 16.906
3 16 -5.357 21.728 16.906 -2.879 22.387 15.685 -5.003 22.414 15.347
3 16 0.249 22.203 18.288 -0.598 23.474 16.394 -2.374 21.515 17.336
3 16 -0.598 23.474 16.394 -2.879 22.387 15.685 -2.374 21.515 17.336
3 16 0.249 22.203 18.288 2.279 22.779 17.809 -0.598 23.474 16.394
3 16 2.279 22.779 17.809 1.528 23.207 16.619 -0.598 23.474 16.394
3 16 4.468 23.300 16.070 1.528 23.207 16.619 5.039 22.739 17.130
3 16 2.279 22.779 17.809 5.039 22.739 17.130 1.528 23.207 16.619
3 16 16.867 21.375 0.811 16.158 21.573 -0.541 15.612 22.033 1.145
3 16 16.158 21.573 -0.541 15.023 21.644 -0.159 15.612 22.033 1.145
3 16 17.125 19.707 2.753 16.867 21.375 0.811 15.377 20.621 3.276
3 16 16.867 21.375 0.811 15.612 22.033 1.145 15.377 20.621 3.276
3 16 14.837 19.831 9.943 13.359 22.455 10.490 12.125 21.162 13.609
3 16 12.125 21.162 13.609 13.359 22.455 10.490 11.249 22.952 13.622
3 16 14.776 20.491 7.104 13.359 22.455 10.490 16.070 19.181 7.591
3 16 14.837 19.831 9.943 16.070 19.181 7.591 13.359 22.455 10.490
3 16 17.335 19.281 5.234 17.125 19.707 2.753 15.304 20.547 5.655
3 16 17.125 19.707 2.753 15.377 20.621 3.276 15.304 20.547 5.655
3 16 16.070 19.181 7.591 17.335 19.281 5.234 14.776 20.491 7.104
3 16 17.335 19.281 5.234 15.304 20.547 5.655 14.776 20.491 7.104
3 16 7.051 22.043 15.412 4.468 23.300 16.070 5.039 22.739 17.130
3 16 7.714 20.812 16.027 9.760 20.960 15.406 11.249 22.952 13.622
3 16 11.249 22.952 13.622 8.983 22.425 14.552 7.714 20.812 16.027
3 16 7.714 20.812 16.027 8.983 22.425 14.552 7.051 22.043 15.412
3 16 9.760 20.960 15.406 12.125 21.162 13.609 11.249 22.952 13.622
3 16 -14.259 19.504 -2.351 -13.549 17.729 -1.396 -12.775 16.476 -5.419
3 16 -12.775 16.476 -5.419 -13.549 17.729 -1.396 -12.370 15.020 -4.837
3 16 -14.259 19.504 -2.351 -14.650 19.313 -0.443 -13.549 17.729 -1.396
3 16 -14.472 20.814 5.730 -12.274 19.989 7.967 -13.371 19.005 4.385
3 16 -14.650 19.313 -0.443 -14.421 18.601 1.035 -13.549 17.729 -1.396
3 16 -13.549 17.729 -1.396 -14.421 18.601 1.035 -13.371 19.005 4.385
3 16 -14.421 18.601 1.035 -14.392 18.808 2.173 -13.371 19.005 4.385
3 16 -10.246 20.248 10.173 -11.372 22.670 11.456 -6.070 20.844 13.357
3 16 -11.372 22.670 11.456 -10.751 22.341 13.529 -6.070 20.844 13.357
3 16 -8.753 23.056 15.381 -6.310 23.462 15.546 -6.070 20.844 13.357
3 16 -6.310 23.462 15.546 -5.003 22.414 15.347 -6.070 20.844 13.357
3 16 -5.003 22.414 15.347 0.366 20.471 14.497 -6.070 20.844 13.357
3 16 -8.753 23.056 15.381 -6.070 20.844 13.357 -10.751 22.341 13.529
3 16 -5.003 22.414 15.347 -2.879 22.387 15.685 0.366 20.471 14.497
3 16 -2.879 22.387 15.685 -0.598 23.474 16.394 0.366 20.471 14.497
3 16 6.244 20.143 13.275 0.366 20.471 14.497 1.528 23.207 16.619
3 16 -0.598 23.474 16.394 1.528 23.207 16.619 0.366 20.471 14.497
3 16 1.528 23.207 16.619 4.468 23.300 16.070 6.244 20.143 13.275
3 16 13.880 18.711 -1.357 14.406 20.047 0.870 15.023 21.644 -0.159
3 16 15.612 22.033 1.145 15.023 21.644 -0.159 14.406 20.047 0.870
3 16 15.377 20.621 3.276 15.612 22.033 1.145 14.406 20.047 0.870
3 16 11.249 22.952 13.622 13.359 22.455 10.490 11.221 20.577 10.364
3 16 14.162 19.633 5.895 11.221 20.577 10.364 14.776 20.491 7.104
3 16 13.359 22.455 10.490 14.776 20.491 7.104 11.221 20.577 10.364
3 16 14.406 20.047 0.870 14.162 19.633 5.895 15.377 20.621 3.276
3 16 15.304 20.547 5.655 15.377 20.621 3.276 14.162 19.633 5.895
3 16 15.304 20.547 5.655 14.162 19.633 5.895 14.776 20.491 7.104
3 16 7.051 22.043 15.412 8.983 22.425 14.552 11.221 20.577 10.364
3 16 11.221 20.577 10.364 6.244 20.143 13.275 7.051 22.043 15.412
3 16 11.221 20.577 10.364 8.983 22.425 14.552 11.249 22.952 13.622
3 16 4.468 23.300 16.070 7.051 22.043 15.412 6.244 20.143 13.275
3 16 -12.370 15.020 -4.837 -13.549 17.729 -1.396 -13.040 16.078 -0.831
3 16 -9.361 17.058 9.226 -12.197 16.542 4.997 -12.274 19.989 7.967
3 16 -13.371 19.005 4.385 -12.274 19.989 7.967 -12.197 16.542 4.997
3 16 -13.371 19.005 4.385 -12.197 16.542 4.997 -13.549 17.729 -1.396
3 16 -13.549 17.729 -1.396 -12.197 16.542 4.997 -13.040 16.078 -0.831
3 16 -6.070 20.844 13.357 -5.613 17.586 11.863 -10.246 20.248 10.173
3 16 -10.246 20.248 10.173 -5.613 17.586 11.863 -9.361 17.058 9.226
3 16 -6.070 20.844 13.357 0.366 20.471 14.497 -5.613 17.586 11.863
3 16 0.366 20.471 14.497 0.150 16.838 13.078 -5.613 17.586 11.863
3 16 6.244 20.143 13.275 4.409 16.600 12.267 0.366 20.471 14.497
3 16 0.366 20.471 14.497 4.409 16.600 12.267 0.150 16.838 13.078
3 16 12.687 13.613 -4.244 13.300 16.315 0.612 13.880 18.711 -1.357
3 16 14.406 20.047 0.870 13.880 18.711 -1.357 13.300 16.315 0.612
3 16 11.221 20.577 10.364 12.313 15.594 5.173 9.313 15.028 9.458
3 16 11.221 20.577 10.364 14.162 19.633 5.895 12.313 15.594 5.173
3 16 14.162 19.633 5.895 14.406 20.047 0.870 13.300 16.315 0.612
3 16 14.162 19.633 5.895 13.300 16.315 0.612 12.313 15.594 5.173
3 16 6.244 20.143 13.275 11.221 20.577 10.364 9.313 15.028 9.458
3 16 6.244 20.143 13.275 9.313 15.028 9.458 4.409 16.600 12.267
3 16 -13.040 16.078 -0.831 -11.063 3.168 4.594 -11.977 3.168 0.000
3 16 -9.361 17.058 9.226 -8.461 3.168 8.490 -11.063 3.168 4.594
3 16 -11.063 3.168 4.594 -12.197 16.542 4.997 -9.361 17.058 9.226
3 16 -13.040 16.078 -0.831 -12.197 16.542 4.997 -11.063 3.168 4.594
3 16 -5.613 17.586 11.863 -4.566 3.168 11.092 -8.461 3.168 8.490
3 16 -8.461 3.168 8.490 -9.361 17.058 9.226 -5.613 17.586 11.863
3 16 -4.566 3.168 11.092 -5.613 17.586 11.863 0.029 3.168 12.006
3 16 -5.613 17.586 11.863 0.150 16.838 13.078 0.029 3.168 12.006
3 16 0.029 3.168 12.006 0.150 16.838 13.078 4.409 16.600 12.267
3 16 4.409 16.600 12.267 4.623 3.168 11.092 0.029 3.168 12.006
3 16 13.300 16.315 0.612 12.687 13.613 -4.244 12.035 3.168 0.000
3 16 12.687 13.613 -4.244 11.121 2.821 -4.594 12.035 3.168 0.000
3 16 12.313 15.594 5.173 11.121 3.168 4.594 8.518 3.168 8.490
3 16 8.518 3.168 8.490 9.313 15.028 9.458 12.313 15.594 5.173
3 16 13.300 16.315 0.612 12.035 3.168 0.000 11.121 3.168 4.594
3 16 11.121 3.168 4.594 12.313 15.594 5.173 13.300 16.315 0.612
3 16 4.623 3.168 11.092 4.409 16.600 12.267 8.518 3.168 8.490
3 16 4.409 16.600 12.267 9.313 15.028 9.458 8.518 3.168 8.490
3 16 -13.040 16.078 -0.831 -11.977 3.168 0.000 -12.370 15.020 -4.837
3 16 -12.370 15.020 -4.837 -11.977 3.168 0.000 -11.092 3.168 -4.594
3 16 -7.836 5.079 -10.941 -8.461 2.296 -8.490 -5.179 2.274 -12.088
3 16 -5.179 2.274 -12.088 -8.461 2.296 -8.490 -4.566 1.178 -11.092
3 16 8.600 6.689 -10.513 4.003 2.339 -12.343 4.623 1.305 -11.092
3 16 -7.836 5.079 -10.941 -11.145 11.975 -7.652 -8.461 2.296 -8.490
3 16 8.600 6.689 -10.513 4.623 1.305 -11.092 8.518 2.054 -8.490
3 16 12.687 13.613 -4.244 10.236 8.193 -8.844 11.121 2.821 -4.594
3 16 10.236 8.193 -8.844 8.518 2.054 -8.490 11.121 2.821 -4.594
3 16 11.093 0.150 10.397 7.358 -6.733 7.108 12.752 -0.157 8.756
3 16 7.358 -6.733 7.108 8.545 -7.013 6.122 12.752 -0.157 8.756
3 16 6.053 -7.086 8.328 7.358 -6.733 7.108 10.304 -0.103 11.609
3 16 7.358 -6.733 7.108 11.093 0.150 10.397 10.304 -0.103 11.609
3 16 10.304 -0.103 11.609 8.497 -0.307 12.789 6.053 -7.086 8.328
3 16 8.497 -0.307 12.789 6.049 -0.176 13.674 6.053 -7.086 8.328
3 16 3.838 -6.997 8.962 6.053 -7.086 8.328 6.049 -0.176 13.674
3 16 6.049 -0.176 13.674 3.884 -1.050 15.039 3.838 -6.997 8.962
3 16 3.884 -1.050 15.039 2.138 -7.338 9.583 3.838 -6.997 8.962
3 16 3.884 -1.050 15.039 2.387 -1.302 15.291 2.138 -7.338 9.583
3 16 2.387 -1.302 15.291 0.962 -1.089 14.950 2.138 -7.338 9.583
3 16 0.657 -6.816 9.459 2.138 -7.338 9.583 0.962 -1.089 14.950
3 16 0.962 -1.089 14.950 -1.835 -1.050 14.479 0.657 -6.816 9.459
3 16 -1.835 -1.050 14.479 -0.387 -6.820 9.106 0.657 -6.816 9.459
3 16 -5.573 -1.624 13.234 -2.534 -7.607 7.915 -0.387 -6.820 9.106
3 16 -0.387 -6.820 9.106 -1.835 -1.050 14.479 -5.573 -1.624 13.234
3 16 -12.736 -3.947 2.817 -12.835 -3.514 1.102 -5.675 -9.311 -0.719
3 16 -12.835 -3.514 1.102 -5.971 -8.428 -2.480 -5.675 -9.311 -0.719
3 16 -6.313 -8.667 -4.848 -5.971 -8.428 -2.480 -13.626 -3.696 -0.604
3 16 -5.971 -8.428 -2.480 -12.835 -3.514 1.102 -13.626 -3.696 -0.604
3 16 -6.313 -8.667 -4.848 -13.626 -3.696 -0.604 -6.575 -7.249 -6.728
3 16 -6.575 -7.249 -6.728 -13.626 -3.696 -0.604 -13.509 -2.503 -3.360
3 16 -6.690 -7.021 -8.397 -6.575 -7.249 -6.728 -13.988 -1.879 -6.718
3 16 -6.575 -7.249 -6.728 -13.461 -1.942 -5.096 -13.988 -1.879 -6.718
3 16 -13.988 -1.879 -6.718 -13.606 -0.797 -8.445 -6.690 -7.021 -8.397
3 16 -6.626 -5.879 -9.935 -6.690 -7.021 -8.397 -13.606 -0.797 -8.445
3 16 -6.610 -5.177 -11.916 -6.626 -5.879 -9.935 -13.831 -0.485 -9.946
3 16 -6.626 -5.879 -9.935 -13.606 -0.797 -8.445 -13.831 -0.485 -9.946
3 16 16.303 17.096 6.537 16.252 13.395 6.041 16.918 15.884 4.097
3 16 16.252 13.395 6.041 16.631 13.050 3.122 16.918 15.884 4.097
3 16 16.252 13.395 6.041 16.303 17.096 6.537 15.361 15.250 8.004
3 16 -16.883 15.991 3.931 -16.605 11.646 2.625 -16.637 12.940 3.963
3 16 -16.883 15.991 3.931 -16.915 14.971 0.858 -16.605 11.646 2.625
3 16 -16.913 11.777 0.725 -16.605 11.646 2.625 -16.915 14.971 0.858
3 16 -16.913 11.777 0.725 -16.915 14.971 0.858 -17.016 12.258 -1.189
3 16 -17.016 12.258 -1.189 -16.915 14.971 0.858 -17.218 15.257 -0.140
3 16 -17.564 13.056 -3.189 -17.016 12.258 -1.189 -17.934 16.087 -1.606
3 16 -17.016 12.258 -1.189 -17.218 15.257 -0.140 -17.934 16.087 -1.606
3 16 -17.564 13.056 -3.189 -17.934 16.087 -1.606 -16.716 13.531 -5.195
3 16 -16.716 13.531 -5.195 -17.934 16.087 -1.606 -17.244 16.524 -3.693
3 16 -13.937 14.053 -8.264 -15.825 13.815 -6.460 -15.277 17.040 -6.426
3 16 -15.825 13.815 -6.460 -16.645 16.663 -4.394 -15.277 17.040 -6.426
3 16 -11.145 11.975 -7.652 -12.496 14.262 -7.976 -12.775 16.476 -5.419
3 16 -12.496 14.262 -7.976 -13.524 17.026 -6.190 -12.775 16.476 -5.419
3 16 17.270 16.409 1.103 16.770 13.533 -0.794 17.827 16.419 -1.243
3 16 16.770 13.533 -0.794 17.392 13.712 -2.808 17.827 16.419 -1.243
3 16 16.770 13.533 -0.794 17.270 16.409 1.103 16.631 13.050 3.122
3 16 16.631 13.050 3.122 17.270 16.409 1.103 16.918 15.884 4.097
3 16 15.651 7.971 -8.079 17.516 13.557 -4.338 15.929 7.836 -5.931
3 16 15.929 7.836 -5.931 17.516 13.557 -4.338 17.392 13.712 -2.808
3 16 17.516 13.557 -4.338 15.651 7.971 -8.079 16.804 13.534 -6.075
3 16 15.651 7.971 -8.079 14.148 8.547 -9.771 16.804 13.534 -6.075
3 16 16.804 13.534 -6.075 14.148 8.547 -9.771 15.161 13.550 -7.777
3 16 12.022 8.790 -10.966 15.161 13.550 -7.777 14.148 8.547 -9.771
3 16 12.022 8.790 -10.966 13.999 13.329 -8.058 15.161 13.550 -7.777
3 16 12.022 8.790 -10.966 11.010 9.062 -10.014 13.999 13.329 -8.058
3 16 13.999 13.329 -8.058 14.693 15.221 -6.523 15.161 13.550 -7.777
3 16 -11.145 11.975 -7.652 -12.370 15.020 -4.837 -11.092 3.168 -4.594
3 16 -12.370 15.020 -4.837 -11.145 11.975 -7.652 -12.775 16.476 -5.419
3 16 6.249 1.276 -14.921 3.871 0.816 -14.750 5.425 1.730 -14.759
3 16 8.488 4.582 -13.986 6.249 1.276 -14.921 8.022 5.435 -13.663
3 16 9.408 7.544 -12.695 8.488 4.582 -13.986 8.022 5.435 -13.663
3 16 8.022 5.435 -13.663 9.067 7.602 -11.972 9.408 7.544 -12.695
3 16 5.425 1.730 -14.759 3.871 0.816 -14.750 3.989 2.009 -13.609
3 16 -5.509 1.978 -14.019 -2.769 1.799 -14.693 -6.044 0.237 -16.230
3 16 -2.769 1.799 -14.693 -2.931 0.309 -16.211 -6.044 0.237 -16.230
3 16 -6.044 0.237 -16.230 -8.770 3.096 -14.731 -5.509 1.978 -14.019
3 16 -5.509 1.978 -14.019 -8.770 3.096 -14.731 -7.608 4.598 -12.919
3 16 -10.014 7.205 -12.907 -9.431 7.430 -11.447 -8.516 6.339 -13.375
3 16 -9.431 7.430 -11.447 -8.273 6.441 -12.175 -8.516 6.339 -13.375
3 16 -10.333 10.868 -10.276 -9.431 7.430 -11.447 -10.353 10.622 -11.762
3 16 -9.431 7.430 -11.447 -10.014 7.205 -12.907 -10.353 10.622 -11.762
3 16 -10.333 10.868 -10.276 -10.353 10.622 -11.762 -11.739 10.545 -12.195
3 16 -11.739 10.545 -12.195 -12.431 10.864 -10.278 -10.333 10.868 -10.276
3 16 -12.431 10.864 -10.278 -13.937 14.053 -8.264 -11.502 11.415 -9.349
3 16 -11.502 11.415 -9.349 -13.937 14.053 -8.264 -12.496 14.262 -7.976
3 16 -15.277 17.040 -6.426 -13.524 17.026 -6.190 -13.937 14.053 -8.264
3 16 -13.524 17.026 -6.190 -12.496 14.262 -7.976 -13.937 14.053 -8.264
3 16 -15.237 19.798 -2.710 -13.524 17.026 -6.190 -16.254 19.603 -2.962
3 16 -13.524 17.026 -6.190 -15.277 17.040 -6.426 -16.254 19.603 -2.962
3 16 -17.131 19.048 -1.901 -15.779 19.595 -1.077 -16.254 19.603 -2.962
3 16 -16.254 19.603 -2.962 -15.779 19.595 -1.077 -15.237 19.798 -2.710
3 16 -17.131 19.048 -1.901 -17.746 18.499 -0.528 -15.779 19.595 -1.077
3 16 -17.131 19.048 -1.901 -16.645 16.663 -4.394 -17.244 16.524 -3.693
3 16 -16.716 13.531 -5.195 -17.244 16.524 -3.693 -15.825 13.815 -6.460
3 16 -15.825 13.815 -6.460 -17.244 16.524 -3.693 -16.645 16.663 -4.394
3 16 -16.716 13.531 -5.195 -15.825 13.815 -6.460 -15.782 7.458 -9.641
3 16 -15.782 7.458 -9.641 -16.528 7.107 -8.655 -16.716 13.531 -5.195
3 16 -13.616 0.036 -10.860 -6.610 -5.177 -11.916 -13.831 -0.485 -9.946
3 16 -6.569 -3.367 -13.506 -13.064 0.723 -11.667 -12.282 1.736 -12.763
3 16 -6.569 -3.367 -13.506 -12.282 1.736 -12.763 -11.333 2.675 -13.794
3 16 -6.569 -3.367 -13.506 -11.333 2.675 -13.794 -6.296 -1.840 -15.706
3 16 -6.296 -1.840 -15.706 -11.333 2.675 -13.794 -8.770 3.096 -14.731
3 16 -6.575 -7.249 -6.728 -13.509 -2.503 -3.360 -13.461 -1.942 -5.096
3 16 8.022 5.435 -13.663 6.249 1.276 -14.921 5.425 1.730 -14.759
3 16 3.989 2.009 -13.609 8.022 5.435 -13.663 5.425 1.730 -14.759
3 16 -16.663 17.847 0.927 -16.915 14.971 0.858 -16.883 15.991 3.931
3 16 -16.883 15.991 3.931 -16.673 17.897 2.148 -16.663 17.847 0.927
3 16 -16.663 17.847 0.927 -17.218 15.257 -0.140 -16.915 14.971 0.858
3 16 -16.883 15.991 3.931 -15.645 17.836 7.509 -16.922 19.584 5.965
3 16 -15.645 17.836 7.509 -16.883 15.991 3.931 -15.469 12.731 6.498
3 16 -16.637 12.940 3.963 -15.469 12.731 6.498 -16.883 15.991 3.931
3 16 -16.637 12.940 3.963 -16.102 4.349 3.579 -15.469 12.731 6.498
3 16 -16.102 4.349 3.579 -14.867 4.431 5.736 -15.469 12.731 6.498
3 16 -12.736 -3.947 2.817 -5.675 -9.311 -0.719 -11.732 -3.712 4.969
3 16 -5.675 -9.311 -0.719 -5.033 -8.922 1.814 -11.732 -3.712 4.969
3 16 -10.853 -3.487 7.795 -11.732 -3.712 4.969 -5.033 -8.922 1.814
3 16 -5.033 -8.922 1.814 -4.314 -8.635 4.476 -10.853 -3.487 7.795
3 16 -15.469 12.731 6.498 -14.867 4.431 5.736 -14.295 12.557 9.476
3 16 -14.867 4.431 5.736 -13.899 4.222 8.534 -14.295 12.557 9.476
3 16 -14.245 19.302 10.855 -15.645 17.836 7.509 -14.295 12.557 9.476
3 16 -15.645 17.836 7.509 -15.469 12.731 6.498 -14.295 12.557 9.476
3 16 -16.922 19.584 5.965 -15.645 17.836 7.509 -14.991 21.988 11.944
3 16 -15.645 17.836 7.509 -14.245 19.302 10.855 -14.991 21.988 11.944
3 16 -16.922 19.584 5.965 -14.991 21.988 11.944 -14.472 20.814 5.730
3 16 -14.472 20.814 5.730 -14.991 21.988 11.944 -12.987 22.617 10.293
3 16 -12.274 19.989 7.967 -14.472 20.814 5.730 -12.987 22.617 10.293
3 16 4.974 20.908 17.171 7.714 20.812 16.027 5.039 22.739 17.130
3 16 7.051 22.043 15.412 5.039 22.739 17.130 7.714 20.812 16.027
3 16 1.168 -2.030 -14.327 -0.300 -1.297 -15.281 0.742 0.664 -14.919
3 16 0.742 0.664 -14.919 -0.300 -1.297 -15.281 -0.799 1.185 -15.611
3 16 -0.377 2.514 -14.712 0.984 1.825 -14.217 0.742 0.664 -14.919
3 16 0.742 0.664 -14.919 -0.799 1.185 -15.611 -0.377 2.514 -14.712
3 16 0.984 1.825 -14.217 -0.377 2.514 -14.712 0.976 2.399 -13.066
3 16 -0.377 2.514 -14.712 -0.314 2.947 -13.341 0.976 2.399 -13.066
3 16 0.976 2.399 -13.066 -0.314 2.947 -13.341 0.029 1.299 -12.007
3 16 -4.566 1.178 -11.092 0.029 1.299 -12.007 -2.587 2.318 -12.902
3 16 2.044 -8.474 -7.471 0.846 -8.651 -5.416 -0.305 -8.113 -7.824
3 16 1.968 -8.078 -8.887 2.044 -8.474 -7.471 -0.305 -8.113 -7.824
3 16 -0.305 -8.113 -7.824 -0.379 -6.909 -9.985 1.968 -8.078 -8.887
3 16 1.336 -5.415 -12.044 1.968 -8.078 -8.887 -0.379 -6.909 -9.985
3 16 1.168 -2.030 -14.327 1.336 -5.415 -12.044 -0.364 -2.594 -14.260
3 16 -0.324 -5.028 -12.175 -0.364 -2.594 -14.260 1.336 -5.415 -12.044
3 16 1.336 -5.415 -12.044 -0.379 -6.909 -9.985 -0.324 -5.028 -12.175
3 16 -4.314 -8.635 4.476 -3.854 -7.887 6.098 -10.853 -3.487 7.795
3 16 -10.853 -3.487 7.795 -3.854 -7.887 6.098 -9.700 -2.746 9.125
3 16 -14.295 12.557 9.476 -13.899 4.222 8.534 -13.064 12.758 10.902
3 16 -13.064 12.758 10.902 -13.899 4.222 8.534 -12.551 4.482 9.859
3 16 -12.785 19.778 12.825 -14.245 19.302 10.855 -13.064 12.758 10.902
3 16 -14.245 19.302 10.855 -14.295 12.557 9.476 -13.064 12.758 10.902
3 16 -14.245 19.302 10.855 -12.785 19.778 12.825 -14.991 21.988 11.944
3 16 -14.991 21.988 11.944 -12.785 19.778 12.825 -13.235 22.070 13.336
3 16 -14.991 21.988 11.944 -13.235 22.070 13.336 -12.987 22.617 10.293
3 16 -12.987 22.617 10.293 -13.235 22.070 13.336 -11.372 22.670 11.456
3 16 -12.274 19.989 7.967 -12.987 22.617 10.293 -10.246 20.248 10.173
3 16 -12.987 22.617 10.293 -11.372 22.670 11.456 -10.246 20.248 10.173
3 16 -9.361 17.058 9.226 -12.274 19.989 7.967 -10.246 20.248 10.173
3 16 -16.922 19.584 5.965 -16.673 17.897 2.148 -16.883 15.991 3.931
3 16 -16.922 19.584 5.965 -14.472 20.814 5.730 -16.673 17.897 2.148
3 16 -14.392 18.808 2.173 -16.673 17.897 2.148 -14.472 20.814 5.730
3 16 -13.371 19.005 4.385 -14.392 18.808 2.173 -14.472 20.814 5.730
3 16 6.053 -7.086 8.328 3.772 -8.867 3.789 7.358 -6.733 7.108
3 16 8.545 -7.013 6.122 7.358 -6.733 7.108 3.772 -8.867 3.789
3 16 8.545 -7.013 6.122 3.772 -8.867 3.789 8.797 -6.889 4.013
3 16 8.797 -6.889 4.013 3.772 -8.867 3.789 4.726 -8.971 0.519
3 16 9.568 -7.400 1.647 8.797 -6.889 4.013 4.726 -8.971 0.519
3 16 9.568 -7.400 1.647 4.726 -8.971 0.519 9.632 -7.054 -0.885
3 16 9.632 -7.054 -0.885 4.726 -8.971 0.519 5.103 -8.797 -2.687
3 16 5.103 -8.797 -2.687 5.773 -8.566 -3.460 9.632 -7.054 -0.885
3 16 5.773 -8.566 -3.460 9.794 -6.741 -3.071 9.632 -7.054 -0.885
3 16 9.291 -6.099 -6.848 9.794 -6.741 -3.071 5.135 -8.442 -5.698
3 16 9.794 -6.741 -3.071 5.773 -8.566 -3.460 5.135 -8.442 -5.698
3 16 5.135 -8.442 -5.698 4.996 -8.041 -8.720 9.291 -6.099 -6.848
3 16 8.844 -5.555 -10.042 9.291 -6.099 -6.848 4.996 -8.041 -8.720
3 16 4.996 -8.041 -8.720 4.698 -7.189 -10.624 8.844 -5.555 -10.042
3 16 8.068 -4.505 -12.177 8.844 -5.555 -10.042 4.698 -7.189 -10.624
3 16 4.698 -7.189 -10.624 3.837 -5.221 -13.018 8.068 -4.505 -12.177
3 16 7.077 -2.619 -14.146 8.068 -4.505 -12.177 3.837 -5.221 -13.018
3 16 6.249 1.276 -14.921 3.438 -3.465 -13.626 3.160 -1.183 -14.845
3 16 3.871 0.816 -14.750 6.249 1.276 -14.921 3.160 -1.183 -14.845
3 16 4.623 1.305 -11.092 4.003 2.339 -12.343 0.029 1.299 -12.007
3 16 -2.479 -2.229 -15.710 -6.296 -1.840 -15.706 -2.931 0.309 -16.211
3 16 -6.626 -5.879 -9.935 -6.610 -5.177 -11.916 -2.587 -6.757 -10.251
3 16 -2.587 -6.757 -10.251 -6.610 -5.177 -11.916 -2.527 -5.286 -12.727
3 16 -6.690 -7.021 -8.397 -6.626 -5.879 -9.935 -2.587 -6.757 -10.251
3 16 -6.575 -7.249 -6.728 -6.690 -7.021 -8.397 -2.588 -7.666 -8.673
3 16 -2.588 -7.666 -8.673 -6.690 -7.021 -8.397 -2.587 -6.757 -10.251
3 16 -6.575 -7.249 -6.728 -2.588 -7.666 -8.673 -2.586 -8.581 -7.325
3 16 -2.586 -8.581 -7.325 -6.313 -8.667 -4.848 -6.575 -7.249 -6.728
3 16 -2.586 -8.581 -7.325 -2.573 -8.725 -5.348 -6.313 -8.667 -4.848
3 16 -2.573 -8.725 -5.348 -5.971 -8.428 -2.480 -6.313 -8.667 -4.848
3 16 -2.573 -8.725 -5.348 -2.502 -9.398 -3.467 -5.971 -8.428 -2.480
3 16 -2.502 -9.398 -3.467 -5.675 -9.311 -0.719 -5.971 -8.428 -2.480
3 16 -5.675 -9.311 -0.719 -2.502 -9.398 -3.467 -5.033 -8.922 1.814
3 16 -1.735 -9.177 0.713 -5.033 -8.922 1.814 -2.502 -9.398 -3.467
3 16 -4.314 -8.635 4.476 -5.033 -8.922 1.814 -1.735 -9.177 0.713
3 16 -3.854 -7.887 6.098 -4.314 -8.635 4.476 -0.438 -8.633 4.359
3 16 -4.314 -8.635 4.476 -1.735 -9.177 0.713 -0.438 -8.633 4.359
3 16 -2.769 1.799 -14.693 -5.509 1.978 -14.019 -2.587 2.318 -12.902
3 16 -5.509 1.978 -14.019 -5.179 2.274 -12.088 -2.587 2.318 -12.902
3 16 -4.566 1.178 -11.092 -2.587 2.318 -12.902 -5.179 2.274 -12.088
3 16 -6.296 -1.840 -15.706 -2.479 -2.229 -15.710 -2.591 -3.310 -14.207
3 16 -2.591 -3.310 -14.207 -6.569 -3.367 -13.506 -6.296 -1.840 -15.706
3 16 -6.610 -5.177 -11.916 -6.569 -3.367 -13.506 -2.527 -5.286 -12.727
3 16 -2.527 -5.286 -12.727 -6.569 -3.367 -13.506 -2.591 -3.310 -14.207
3 16 -2.534 -7.607 7.915 -3.854 -7.887 6.098 -0.438 -8.633 4.359
3 16 0.657 -6.816 9.459 -0.387 -6.820 9.106 -0.438 -8.633 4.359
3 16 1.893 -8.749 5.008 2.138 -7.338 9.583 -0.438 -8.633 4.359
3 16 2.138 -7.338 9.583 0.657 -6.816 9.459 -0.438 -8.633 4.359
3 16 3.838 -6.997 8.962 2.138 -7.338 9.583 1.893 -8.749 5.008
3 16 6.053 -7.086 8.328 3.838 -6.997 8.962 3.772 -8.867 3.789
3 16 3.838 -6.997 8.962 1.893 -8.749 5.008 3.772 -8.867 3.789
3 16 12.022 8.790 -10.966 9.408 7.544 -12.695 11.010 9.062 -10.014
3 16 11.010 9.062 -10.014 9.408 7.544 -12.695 9.067 7.602 -11.972
3 16 8.518 2.054 -8.490 10.236 8.193 -8.844 8.600 6.689 -10.513
3 16 0.029 1.299 -12.007 -0.314 2.947 -13.341 -2.587 2.318 -12.902
3 16 -2.587 2.318 -12.902 -0.314 2.947 -13.341 -2.769 1.799 -14.693
3 16 -0.377 2.514 -14.712 -2.769 1.799 -14.693 -0.314 2.947 -13.341
3 16 -2.769 1.799 -14.693 -0.377 2.514 -14.712 -2.931 0.309 -16.211
3 16 -0.799 1.185 -15.611 -2.931 0.309 -16.211 -0.377 2.514 -14.712
3 16 -2.479 -2.229 -15.710 -2.931 0.309 -16.211 -0.300 -1.297 -15.281
3 16 -0.300 -1.297 -15.281 -2.931 0.309 -16.211 -0.799 1.185 -15.611
3 16 -2.591 -3.310 -14.207 -2.479 -2.229 -15.710 -0.364 -2.594 -14.260
3 16 -0.364 -2.594 -14.260 -2.479 -2.229 -15.710 -0.300 -1.297 -15.281
3 16 -2.527 -5.286 -12.727 -2.591 -3.310 -14.207 -0.324 -5.028 -12.175
3 16 -0.324 -5.028 -12.175 -2.591 -3.310 -14.207 -0.364 -2.594 -14.260
3 16 -2.587 -6.757 -10.251 -2.527 -5.286 -12.727 -0.324 -5.028 -12.175
3 16 -0.379 -6.909 -9.985 -2.587 -6.757 -10.251 -0.324 -5.028 -12.175
3 16 -2.588 -7.666 -8.673 -2.587 -6.757 -10.251 -0.379 -6.909 -9.985
3 16 -2.586 -8.581 -7.325 -2.588 -7.666 -8.673 -0.305 -8.113 -7.824
3 16 -0.305 -8.113 -7.824 -2.588 -7.666 -8.673 -0.379 -6.909 -9.985
3 16 0.846 -8.651 -5.416 2.044 -8.474 -7.471 5.135 -8.442 -5.698
3 16 4.996 -8.041 -8.720 5.135 -8.442 -5.698 2.044 -8.474 -7.471
3 16 4.996 -8.041 -8.720 2.044 -8.474 -7.471 4.698 -7.189 -10.624
3 16 4.698 -7.189 -10.624 2.044 -8.474 -7.471 1.968 -8.078 -8.887
3 16 1.968 -8.078 -8.887 1.336 -5.415 -12.044 4.698 -7.189 -10.624
3 16 3.837 -5.221 -13.018 4.698 -7.189 -10.624 1.336 -5.415 -12.044
3 16 3.438 -3.465 -13.626 3.837 -5.221 -13.018 1.336 -5.415 -12.044
3 16 1.336 -5.415 -12.044 1.168 -2.030 -14.327 3.438 -3.465 -13.626
3 16 3.160 -1.183 -14.845 3.438 -3.465 -13.626 1.168 -2.030 -14.327
3 16 3.871 0.816 -14.750 3.160 -1.183 -14.845 0.742 0.664 -14.919
3 16 3.160 -1.183 -14.845 1.168 -2.030 -14.327 0.742 0.664 -14.919
3 16 3.989 2.009 -13.609 3.871 0.816 -14.750 0.984 1.825 -14.217
3 16 0.984 1.825 -14.217 3.871 0.816 -14.750 0.742 0.664 -14.919
3 16 4.003 2.339 -12.343 3.989 2.009 -13.609 0.976 2.399 -13.066
3 16 3.989 2.009 -13.609 0.984 1.825 -14.217 0.976 2.399 -13.066
3 16 0.029 1.299 -12.007 4.003 2.339 -12.343 0.976 2.399 -13.066
3 16 -2.573 -8.725 -5.348 -2.586 -8.581 -7.325 -0.305 -8.113 -7.824
3 16 -2.502 -9.398 -3.467 -2.573 -8.725 -5.348 0.846 -8.651 -5.416
3 16 0.846 -8.651 -5.416 -2.573 -8.725 -5.348 -0.305 -8.113 -7.824
3 16 0.846 -8.651 -5.416 0.853 -8.840 -2.730 -2.502 -9.398 -3.467
3 16 0.853 -8.840 -2.730 -1.735 -9.177 0.713 -2.502 -9.398 -3.467
3 16 0.853 -8.840 -2.730 0.896 -8.897 0.982 -1.735 -9.177 0.713
3 16 -0.438 -8.633 4.359 -1.735 -9.177 0.713 0.896 -8.897 0.982
3 16 -13.416 7.607 -11.287 -15.782 7.458 -9.641 -12.431 10.864 -10.278
3 16 -13.416 7.607 -11.287 -12.431 10.864 -10.278 -11.739 10.545 -12.195
3 16 -11.739 10.545 -12.195 -12.492 8.088 -12.855 -13.416 7.607 -11.287
3 16 -11.739 10.545 -12.195 -10.353 10.622 -11.762 -10.014 7.205 -12.907
3 16 -8.461 2.296 -8.490 -11.145 11.975 -7.652 -11.092 3.168 -4.594
3 16 -11.333 2.675 -13.794 -10.454 4.628 -13.899 -8.770 3.096 -14.731
3 16 -8.770 3.096 -14.731 -10.454 4.628 -13.899 -9.524 4.767 -14.458
3 16 13.396 1.490 -10.130 15.651 7.971 -8.079 14.144 1.042 -7.470
3 16 14.144 1.042 -7.470 15.651 7.971 -8.079 15.929 7.836 -5.931
3 16 14.508 0.713 -4.695 14.144 1.042 -7.470 16.071 7.652 -3.246
3 16 14.144 1.042 -7.470 15.929 7.836 -5.931 16.071 7.652 -3.246
3 16 16.750 7.148 -1.424 15.243 0.164 -3.130 16.071 7.652 -3.246
3 16 15.243 0.164 -3.130 14.508 0.713 -4.695 16.071 7.652 -3.246
3 16 15.243 0.164 -3.130 16.750 7.148 -1.424 16.487 6.784 2.123
3 16 16.487 6.784 2.123 14.989 -0.213 0.442 15.243 0.164 -3.130
3 16 14.989 -0.213 0.442 16.487 6.784 2.123 16.226 6.644 5.100
3 16 16.226 6.644 5.100 14.681 -0.514 3.902 14.989 -0.213 0.442
3 16 14.681 -0.514 3.902 16.226 6.644 5.100 13.568 -0.184 6.166
3 16 13.568 -0.184 6.166 16.226 6.644 5.100 15.183 6.781 6.912
3 16 14.132 7.007 9.374 12.752 -0.157 8.756 15.183 6.781 6.912
3 16 12.752 -0.157 8.756 13.568 -0.184 6.166 15.183 6.781 6.912
3 16 12.752 -0.157 8.756 14.132 7.007 9.374 12.395 7.202 11.035
3 16 12.395 7.202 11.035 11.093 0.150 10.397 12.752 -0.157 8.756
3 16 10.304 -0.103 11.609 11.093 0.150 10.397 11.457 7.234 12.551
3 16 11.093 0.150 10.397 12.395 7.202 11.035 11.457 7.234 12.551
3 16 10.304 -0.103 11.609 11.457 7.234 12.551 8.497 -0.307 12.789
3 16 9.506 6.983 13.757 8.497 -0.307 12.789 11.457 7.234 12.551
3 16 6.049 -0.176 13.674 8.497 -0.307 12.789 9.506 6.983 13.757
3 16 3.884 -1.050 15.039 6.049 -0.176 13.674 4.188 6.812 16.766
3 16 6.049 -0.176 13.674 6.860 7.001 15.156 4.188 6.812 16.766
3 16 4.188 6.812 16.766 2.154 6.443 17.198 3.884 -1.050 15.039
3 16 2.387 -1.302 15.291 3.884 -1.050 15.039 2.154 6.443 17.198
3 16 2.154 6.443 17.198 0.282 6.264 16.791 2.387 -1.302 15.291
3 16 0.962 -1.089 14.950 2.387 -1.302 15.291 0.282 6.264 16.791
3 16 -3.204 6.108 16.015 -1.835 -1.050 14.479 0.282 6.264 16.791
3 16 -1.835 -1.050 14.479 0.962 -1.089 14.950 0.282 6.264 16.791
3 16 -7.185 5.692 14.459 -5.573 -1.624 13.234 -3.204 6.108 16.015
3 16 -5.573 -1.624 13.234 -1.835 -1.050 14.479 -3.204 6.108 16.015
3 16 -5.573 -1.624 13.234 -7.185 5.692 14.459 -6.806 -1.793 11.972
3 16 -8.732 5.495 13.220 -6.806 -1.793 11.972 -7.185 5.692 14.459
3 16 -11.519 4.684 11.612 -8.971 -2.609 10.525 -8.732 5.495 13.220
3 16 -8.971 -2.609 10.525 -6.806 -1.793 11.972 -8.732 5.495 13.220
3 16 -8.971 -2.609 10.525 -11.519 4.684 11.612 -9.700 -2.746 9.125
3 16 -12.551 4.482 9.859 -9.700 -2.746 9.125 -11.519 4.684 11.612
3 16 -13.899 4.222 8.534 -10.853 -3.487 7.795 -9.700 -2.746 9.125
3 16 -9.700 -2.746 9.125 -12.551 4.482 9.859 -13.899 4.222 8.534
3 16 -14.867 4.431 5.736 -11.732 -3.712 4.969 -13.899 4.222 8.534
3 16 -11.732 -3.712 4.969 -10.853 -3.487 7.795 -13.899 4.222 8.534
3 16 -16.102 4.349 3.579 -12.736 -3.947 2.817 -14.867 4.431 5.736
3 16 -12.736 -3.947 2.817 -11.732 -3.712 4.969 -14.867 4.431 5.736
3 16 -12.736 -3.947 2.817 -16.102 4.349 3.579 -16.126 4.518 2.055
3 16 -16.126 4.518 2.055 -12.835 -3.514 1.102 -12.736 -3.947 2.817
3 16 -12.835 -3.514 1.102 -16.126 4.518 2.055 -13.626 -3.696 -0.604
3 16 -13.626 -3.696 -0.604 -16.126 4.518 2.055 -16.569 4.569 0.685
3 16 -16.569 4.569 0.685 -16.483 5.415 -2.387 -13.626 -3.696 -0.604
3 16 -16.483 5.415 -2.387 -13.509 -2.503 -3.360 -13.626 -3.696 -0.604
3 16 -16.374 5.900 -4.555 -13.461 -1.942 -5.096 -13.509 -2.503 -3.360
3 16 -13.509 -2.503 -3.360 -16.483 5.415 -2.387 -16.374 5.900 -4.555
3 16 -13.988 -1.879 -6.718 -13.461 -1.942 -5.096 -16.374 5.900 -4.555
3 16 -16.374 5.900 -4.555 -16.781 6.383 -6.676 -13.988 -1.879 -6.718
3 16 -16.781 6.383 -6.676 -13.606 -0.797 -8.445 -13.988 -1.879 -6.718
3 16 -13.831 -0.485 -9.946 -13.606 -0.797 -8.445 -16.781 6.383 -6.676
3 16 -16.528 7.107 -8.655 -13.616 0.036 -10.860 -16.781 6.383 -6.676
3 16 -13.616 0.036 -10.860 -13.831 -0.485 -9.946 -16.781 6.383 -6.676
3 16 -13.616 0.036 -10.860 -16.528 7.107 -8.655 -15.782 7.458 -9.641
3 16 -15.782 7.458 -9.641 -13.064 0.723 -11.667 -13.616 0.036 -10.860
3 16 -13.064 0.723 -11.667 -15.782 7.458 -9.641 -12.282 1.736 -12.763
3 16 -12.282 1.736 -12.763 -15.782 7.458 -9.641 -13.416 7.607 -11.287
3 16 -12.282 1.736 -12.763 -13.416 7.607 -11.287 -11.333 2.675 -13.794
3 16 -12.492 8.088 -12.855 -11.333 2.675 -13.794 -13.416 7.607 -11.287
3 16 -11.333 2.675 -13.794 -12.492 8.088 -12.855 -10.454 4.628 -13.899
3 16 -10.454 4.628 -13.899 -12.492 8.088 -12.855 -10.014 7.205 -12.907
3 16 -9.524 4.767 -14.458 -10.454 4.628 -13.899 -10.014 7.205 -12.907
3 16 -8.770 3.096 -14.731 -9.524 4.767 -14.458 -8.516 6.339 -13.375
3 16 -9.524 4.767 -14.458 -10.014 7.205 -12.907 -8.516 6.339 -13.375
3 16 -8.770 3.096 -14.731 -8.516 6.339 -13.375 -7.608 4.598 -12.919
3 16 -7.608 4.598 -12.919 -8.516 6.339 -13.375 -8.273 6.441 -12.175
3 16 -7.836 5.079 -10.941 -7.608 4.598 -12.919 -8.273 6.441 -12.175
3 16 8.022 5.435 -13.663 3.989 2.009 -13.609 9.067 7.602 -11.972
3 16 11.010 9.062 -10.014 9.067 7.602 -11.972 10.236 8.193 -8.844
3 16 10.236 8.193 -8.844 9.067 7.602 -11.972 8.600 6.689 -10.513
3 16 11.010 9.062 -10.014 10.236 8.193 -8.844 13.490 14.889 -5.447
3 16 13.490 14.889 -5.447 10.236 8.193 -8.844 12.687 13.613 -4.244
3 16 12.687 13.613 -4.244 13.880 18.711 -1.357 13.490 14.889 -5.447
3 16 14.017 18.548 -2.919 13.490 14.889 -5.447 13.880 18.711 -1.357
3 16 -6.610 -5.177 -11.916 -13.616 0.036 -10.860 -6.569 -3.367 -13.506
3 16 -13.616 0.036 -10.860 -13.064 0.723 -11.667 -6.569 -3.367 -13.506
3 16 1.168 -2.030 -14.327 -0.364 -2.594 -14.260 -0.300 -1.297 -15.281
3 16 14.989 -0.213 0.442 9.794 -6.741 -3.071 15.243 0.164 -3.130
3 16 15.023 21.644 -0.159 14.017 18.548 -2.919 13.880 18.711 -1.357
3 16 6.249 1.276 -14.921 7.223 -0.253 -14.601 3.438 -3.465 -13.626
3 16 -10.333 10.868 -10.276 -11.502 11.415 -9.349 -11.145 11.975 -7.652
3 16 -8.564 -4.120 3.547 -9.269 -4.120 0.000 -11.977 3.168 0.000
3 16 -11.977 3.168 0.000 -11.063 3.168 4.594 -8.564 -4.120 3.547
3 16 -11.977 3.168 0.000 -9.269 -4.120 0.000 -8.564 -4.120 -3.547
3 16 -8.564 -4.120 -3.547 -11.092 3.168 -4.594 -11.977 3.168 0.000
3 16 -11.092 3.168 -4.594 -8.564 -4.120 -3.547 -8.461 2.296 -8.490
3 16 -8.461 2.296 -8.490 -8.564 -4.120 -3.547 -6.554 -4.120 -6.554
3 16 -8.461 2.296 -8.490 -6.554 -4.120 -6.554 -3.547 -4.120 -8.564
3 16 -8.461 2.296 -8.490 -3.547 -4.120 -8.564 -4.566 1.178 -11.092
3 16 -3.547 -4.120 -8.564 0.000 -4.120 -9.269 0.029 1.299 -12.007
3 16 0.029 1.299 -12.007 -4.566 1.178 -11.092 -3.547 -4.120 -8.564
3 16 0.029 1.299 -12.007 0.000 -4.120 -9.269 3.547 -4.120 -8.564
3 16 3.547 -4.120 -8.564 4.623 1.305 -11.092 0.029 1.299 -12.007
3 16 4.623 1.305 -11.092 3.547 -4.120 -8.564 8.518 2.054 -8.490
3 16 8.518 2.054 -8.490 3.547 -4.120 -8.564 6.554 -4.120 -6.554
3 16 8.518 2.054 -8.490 6.554 -4.120 -6.554 8.564 -4.120 -3.547
3 16 8.518 2.054 -8.490 8.564 -4.120 -3.547 11.121 2.821 -4.594
3 16 11.121 2.821 -4.594 8.564 -4.120 -3.547 9.269 -4.120 0.000
3 16 11.121 2.821 -4.594 9.269 -4.120 0.000 12.035 3.168 0.000
3 16 12.035 3.168 0.000 9.269 -4.120 0.000 8.564 -4.120 3.547
3 16 8.564 -4.120 3.547 11.121 3.168 4.594 12.035 3.168 0.000
3 16 11.121 3.168 4.594 8.564 -4.120 3.547 6.554 -4.120 6.554
3 16 6.554 -4.120 6.554 8.518 3.168 8.490 11.121 3.168 4.594
3 16 6.554 -4.120 6.554 3.547 -4.120 8.564 4.623 3.168 11.092
3 16 4.623 3.168 11.092 8.518 3.168 8.490 6.554 -4.120 6.554
3 16 3.547 -4.120 8.564 0.000 -4.120 9.269 0.029 3.168 12.006
3 16 0.029 3.168 12.006 4.623 3.168 11.092 3.547 -4.120 8.564
3 16 0.029 3.168 12.006 0.000 -4.120 9.269 -3.547 -4.120 8.564
3 16 -3.547 -4.120 8.564 -4.566 3.168 11.092 0.029 3.168 12.006
3 16 -4.566 3.168 11.092 -3.547 -4.120 8.564 -6.554 -4.120 6.554
3 16 -6.554 -4.120 6.554 -8.461 3.168 8.490 -4.566 3.168 11.092
3 16 -6.554 -4.120 6.554 -8.564 -4.120 3.547 -11.063 3.168 4.594
3 16 -11.063 3.168 4.594 -8.461 3.168 8.490 -6.554 -4.120 6.554
2 24 -7.836 5.079 -10.941 -5.179 2.274 -12.088
2 24 4.003 2.339 -12.343 8.600 6.689 -10.513
2 24 -11.145 11.975 -7.652 -7.836 5.079 -10.941
2 24 -14.259 19.504 -2.351 -12.775 16.476 -5.419
2 24 -14.650 19.313 -0.443 -14.259 19.504 -2.351
2 24 -14.392 18.808 2.173 -14.421 18.601 1.035
2 24 -14.421 18.601 1.035 -14.650 19.313 -0.443
2 24 -10.751 22.341 13.529 -11.372 22.670 11.456
2 24 -6.310 23.462 15.546 -8.753 23.056 15.381
2 24 -5.003 22.414 15.347 -6.310 23.462 15.546
2 24 -8.753 23.056 15.381 -10.751 22.341 13.529
2 24 -2.879 22.387 15.685 -5.003 22.414 15.347
2 24 -0.598 23.474 16.394 -2.879 22.387 15.685
2 24 1.528 23.207 16.619 -0.598 23.474 16.394
2 24 4.468 23.300 16.070 1.528 23.207 16.619
2 24 15.023 21.644 -0.159 15.612 22.033 1.145
2 24 15.612 22.033 1.145 15.377 20.621 3.276
2 24 13.359 22.455 10.490 11.249 22.952 13.622
2 24 14.776 20.491 7.104 13.359 22.455 10.490
2 24 15.377 20.621 3.276 15.304 20.547 5.655
2 24 15.304 20.547 5.655 14.776 20.491 7.104
2 24 7.051 22.043 15.412 4.468 23.300 16.070
2 24 8.983 22.425 14.552 7.051 22.043 15.412
2 24 11.249 22.952 13.622 8.983 22.425 14.552
2 24 15.023 21.644 -0.159 13.880 18.711 -1.357
2 24 13.880 18.711 -1.357 12.687 13.613 -4.244
2 24 12.687 13.613 -4.244 10.236 8.193 -8.844
2 24 -12.775 16.476 -5.419 -11.145 11.975 -7.652
2 24 -12.987 22.617 10.293 -14.472 20.814 5.730
2 24 -0.314 2.947 -13.341 0.976 2.399 -13.066
2 24 -11.372 22.670 11.456 -12.987 22.617 10.293
2 24 -14.472 20.814 5.730 -14.392 18.808 2.173
2 24 -5.179 2.274 -12.088 -2.587 2.318 -12.902
2 24 10.236 8.193 -8.844 8.600 6.689 -10.513
2 24 -0.314 2.947 -13.341 -2.587 2.318 -12.902
2 24 0.976 2.399 -13.066 4.003 2.339 -12.343
1 16 0.0000 -4.1196 0.0000 1.0299 0.0000 0.0000 0.0000 -1.0299 0.0000 0.0000 0.0000 -1.0299 stud16.dat
1 16 0.0000 -4.1196 0.0000 9.2691 0.0000 0.0000 0.0000 -1.0299 0.0000 0.0000 0.0000 9.2692 4-4disc.dat
1 16 0.0000 -4.1196 0.0000 9.2691 0.0000 0.0000 0.0000 1.0299 0.0000 0.0000 0.0000 9.2692 4-4edge.dat
